0      0      2      46     143    0.000000
0      0      2      212    163    0.000000
0      0      2      258    136    0.000000
0      0      2      138    300    0.000000
0      0      2      33     278    0.000000
0      0      2      77     304    0.000000
0      0      2      154    324    0.000000
0      0      2      305    265    0.000000
0      0      2      277    266    0.000000
0      0      2      363    103    0.000000
0      0      2      378    186    0.000000
0      0      2      176    554    0.000000
0      0      2      192    577    0.000000
0      0      2      89     560    0.000000
0      0      2      155    378    0.000000
0      0      2      83     405    0.000000
0      0      2      22     406    0.000000
0      0      2      32     381    0.000000
0      0      2      6      328    0.000000
0      0      2      648    127    0.000000
0      0      2      862    235    0.000000
0      0      2      968    151    0.000000
0      0      2      772    130    0.000000
0      0      2      149    217    0.000000
0      0      2      137    136    0.000000
0      0      2      108    81     0.000000
0      0      2      608    373    0.000000
0      0      2      362    611    0.000000
0      0      2      453    385    0.000000
0      0      1      90     24     2.423000
0      0      1      136    41     2.877000
0      0      1      106    105    5.946185
0      0      1      118    159    2.867000
0      0      1      81     168    0.217000
0      0      2      108    192    0.000000
0      0      1      243    213    0.000000
0      0      2      639    265    0.000000
0      0      2      160    480    0.000000
0      0      1      116    240    3.349185
0      0      1      98     278    4.712185
0      0      1      95     339    3.402185
0      0      1      41     344    2.601000
0      0      1      118    444    0.816000
0      0      1      76     463    2.402000
0      0      1      68     529    3.199185
0      0      1      77     622    2.803000
0      0      1      151    647    3.355185
0      0      1      72     692    3.700185
0      0      1      11     637    5.829185
0      0      1      282    644    5.387185
0      0      1      203    671    0.652000
0      0      1      186    387    2.992000
0      0      1      146    423    3.700185
0      0      1      18     494    5.724185
0      0      1      14     558    3.673185
0      0      1      231    339    0.644000
0      0      1      288    330    0.482000
0      0      1      173    292    2.949000
0      0      1      216    297    3.605185
0      0      1      355    278    2.282000
0      0      1      354    452    0.430000
0      0      1      351    375    5.644185
0      0      1      269    405    2.678000
0      0      1      224    504    6.183185
0      0      1      244    162    5.701185
0      0      1      283    170    1.369000
0      0      1      330    190    0.000000
0      0      1      179    212    0.395000
0      0      1      214    240    0.515000
0      0      1      259    251    3.637185
0      0      1      385    39     1.765000
0      0      1      235    55     2.850000
0      0      2      261    81     0.000000
0      0      2      292    455    0.000000
0      0      1      459    287    3.386185
0      0      1      422    211    6.267185
0      0      1      465    144    3.650185
0      0      1      353    145    5.919185
0      0      1      392    155    0.000000
0      0      2      334    78     3.218185
0      0      1      437    67     0.000000
0      0      1      395    100    3.577185
0      0      1      539    129    5.995185
0      0      1      517    92     0.583000
0      0      1      481    207    2.844000
0      0      1      516    343    2.830000
0      0      1      602    326    5.334185
0      0      1      557    279    5.403185
0      0      1      391    422    6.245185
0      0      1      424    398    2.749000
0      0      1      315    453    6.056185
0      0      1      20     425    0.303000
0      0      1      469    79     1.771000
0      0      1      482    260    2.169000
0      0      1      599    168    6.019185
0      0      2      574    156    0.000000
0      0      1      678    240    5.986185
0      0      1      738    259    3.005000
0      0      1      415    635    3.707185
0      0      1      308    738    6.222185
0      0      1      254    716    0.000000
0      0      1      380    764    3.062000
0      0      1      192    750    5.957185
0      0      1      61     736    0.000000
0      0      1      232    792    0.045000
0      0      1      181    804    5.745185
0      0      1      336    833    0.061000
0      0      1      420    784    3.927185
0      0      2      503    719    0.288000
0      0      1      573    687    6.133185
0      0      1      554    749    5.956185
0      0      1      224    576    3.067000
0      0      1      123    570    5.654185
0      0      1      129    502    0.403000
0      0      1      179    497    1.838000
0      0      1      349    518    3.273185
0      0      1      279    546    0.391000
0      0      2      296    501    0.000000
0      0      1      509    25     0.000000
0      0      1      595    20     0.000000
0      0      1      785    20     5.749185
0      0      1      697    46     0.252000
0      0      1      657    71     5.939185
0      0      1      614    95     0.409000
0      0      1      637    158    2.607000
0      0      1      725    143    5.791185
0      0      1      777    75     2.995000
0      0      2      719    72     0.763000
0      0      1      473    345    5.961185
0      0      2      396    341    0.214000
0      0      1      631    404    0.000000
0      0      1      686    346    0.000000
0      0      1      747    328    0.397000
0      0      1      724    381    3.298185
0      0      1      483    403    5.832185
0      0      1      510    443    0.168000
0      0      2      438    458    0.000000
0      0      1      278    599    0.000000
0      0      1      332    600    6.172185
0      0      2      305    563    2.697000
0      0      1      382    549    3.669185
0      0      1      436    559    2.491000
0      0      1      93     985    6.027185
0      0      1      242    901    3.708185
0      0      1      294    917    3.208185
0      0      1      335    941    6.149185
0      0      1      363    987    3.599185
0      0      1      375    857    3.476185
0      0      1      408    902    3.007000
0      0      1      424    932    2.723000
0      0      1      443    868    5.743185
0      0      1      461    807    0.204000
0      0      1      502    877    2.451000
0      0      1      554    937    0.000000
0      0      1      617    806    1.205000
0      0      1      518    818    6.061185
0      0      1      572    837    2.169000
0      0      1      558    888    0.545000
0      0      1      634    891    0.000000
0      0      1      519    1005   2.963000
0      0      1      553    994    3.386185
0      0      1      593    990    6.002185
0      0      1      486    1014   2.751000
0      0      1      652    944    3.351185
0      0      1      740    900    5.961185
0      0      1      702    923    6.103185
0      0      1      690    858    0.253000
0      0      1      698    822    3.122000
0      0      1      633    656    0.194000
0      0      1      663    610    0.000000
0      0      1      599    625    3.304185
0      0      1      633    558    6.034185
0      0      1      626    715    5.488185
0      0      1      686    766    3.612185
0      0      1      495    556    2.332000
0      0      1      538    527    3.613185
0      0      1      511    482    2.608000
0      0      1      424    483    3.556185
0      0      1      470    472    0.295000
0      0      1      546    422    2.777000
0      0      1      571    458    3.425185
0      0      2      598    452    0.312000
0      0      2      550    221    5.627185
0      0      1      593    253    6.118185
0      0      2      626    224    3.416185
0      0      1      650    455    3.696185
0      0      1      692    432    0.612000
0      0      1      606    508    6.099185
0      0      1      823    118    0.249000
0      0      1      842    44     6.057185
0      0      1      876    88     3.880185
0      0      1      950    47     2.637000
0      0      1      898    142    5.718185
0      0      1      958    113    3.711185
0      0      1      850    182    0.192000
0      0      1      894    203    3.217185
0      0      1      907    267    0.180000
0      0      1      856    312    2.764000
0      0      1      988    10     5.639185
0      0      1      838    394    6.071185
0      0      2      882    372    0.000000
0      0      1      890    404    0.185000
0      0      2      915    347    0.000000
0      0      1      951    398    3.529185
0      0      1      892    462    3.327185
0      0      1      771    486    0.000000
0      0      1      811    498    3.218185
0      0      1      879    524    0.302000
0      0      1      688    525    0.273000
0      0      1      685    657    3.565185
0      0      1      734    602    0.000000
0      0      1      731    555    5.764185
0      0      1      790    575    0.000000
0      0      1      824    611    2.345000
0      0      1      762    645    3.430185
0      0      1      773    753    6.185185
0      0      1      763    791    6.007185
0      0      1      791    826    3.181185
0      0      1      846    773    5.922185
0      0      1      808    703    3.000000
0      0      1      779    863    0.201000
0      0      1      828    879    2.923000
0      0      1      861    902    6.203185
0      0      1      893    885    0.000000
0      0      1      878    985    3.927185
0      0      1      939    969    0.390000
0      0      1      988    947    3.347185
0      0      1      936    879    2.826000
0      0      1      958    836    2.479000
0      0      1      964    726    3.365185
0      0      1      996    802    3.339185
0      0      1      957    582    2.897000
0      0      1      947    630    5.421185
0      0      1      867    625    2.825000
0      0      1      906    652    5.830185
0      0      1      841    668    3.314185
0      0      1      868    721    3.271185
0      0      1      877    791    0.094000
0      0      1      912    813    3.213185
0      0      1      861    842    6.162185
0      0      1      734    711    6.231185
0      0      1      778    695    3.190185
0      0      1      1023   74     0.000000
0      0      2      729    6      0.000000
0      0      2      664    2      0.000000
0      0      1      973    482    5.663185
0      0      1      987    519    2.930000
0      0      1      1006   400    0.249000
0      0      1      926    503    5.899185
0      0      2      951    447    3.333185
0      0      2      870    664    6.092185
0      0      1      954    683    2.795000
0      0      1      943    765    5.716185
0      0      1      958    1011   3.866185
0      0      1      996    884    5.924185
0      0      1      703    1013   3.605185
0      0      1      654    1018   5.796185
0      0      1      850    1015   5.615185
0      0      1      866    15     0.261000
0      0      2      907    5      5.819185
0      0      2      817    2      0.000000
0      0      2      152    0      5.472185
0      0      2      212    402    0.000000
