0      0      2      31     275    0.000000
0      0      2      81     406    0.000000
0      0      2      156    379    0.000000
0      0      2      176    555    0.000000
0      0      2      191    579    0.000000
0      0      2      380    189    0.000000
0      0      2      378    131    0.000000
0      0      2      304    263    0.000000
0      0      2      152    217    0.000000
0      0      2      212    163    0.000000
0      0      2      244    213    0.000000
0      0      2      136    140    0.000000
0      0      2      46     142    0.000000
0      0      2      140    297    0.000000
0      0      2      153    325    0.000000
0      0      2      156    479    0.000000
0      0      2      466    28     0.000000
0      0      2      573    156    0.000000
0      0      2      105    194    0.000000
0      0      2      258    139    0.000000
0      0      2      324    85     0.000000
0      0      2      365    103    0.000000
0      0      2      402    344    0.000000
0      0      2      554    225    0.000000
0      0      2      626    228    0.000000
0      0      2      772    129    0.000000
0      0      2      967    149    0.000000
0      0      2      639    264    0.000000
0      0      2      451    379    0.000000
0      0      2      435    456    0.000000
0      0      2      359    608    0.000000
0      0      2      598    450    0.000000
0      0      2      293    452    0.000000
0      0      2      94     325    0.000000
0      0      2      863    235    0.000000
0      0      2      277    263    0.000000
0      0      2      74     306    0.000000
0      0      2      348    190    0.000000
0      0      2      715    71     3.954185
0      0      2      916    347    3.142000
0      0      2      954    446    0.000000
0      0      2      392    154    0.000000
0      0      2      666    10     0.000000
0      0      2      88     557    0.000000
0      0      2      615    371    0.000000
0      0      2      296    505    0.000000
0      0      2      155    5      0.000000
0      0      2      653    132    0.000000
0      0      1      152    36     2.850000
0      0      1      235    51     5.766185
0      0      1      163    75     2.509000
0      0      1      101    109    3.712185
0      0      1      118    165    6.066185
0      0      1      178    204    0.000000
0      0      1      128    240    0.284000
0      0      1      245    169    2.531000
0      0      1      284    181    2.761000
0      0      1      323    191    3.176185
0      0      2      351    142    0.000000
0      0      1      359    21     0.000000
0      0      1      391    38     0.445000
0      0      1      406    80     3.453185
0      0      1      439    50     0.000000
0      0      1      495    31     0.523000
0      0      1      552    39     0.464000
0      0      1      592    6      2.888000
0      0      1      696    42     0.410000
0      0      1      661    68     0.081000
0      0      1      619    68     0.209000
0      0      1      468    134    2.521000
0      0      1      440    171    2.533000
0      0      1      504    94     0.293000
0      0      1      550    123    2.678000
0      0      1      599    142    0.240000
0      0      1      627    138    0.061000
0      0      1      717    156    0.000000
0      0      1      741    92     5.679185
0      0      1      777    2      5.791185
0      0      1      839    37     3.127000
0      0      1      808    94     2.859000
0      0      1      874    81     5.751185
0      0      1      881    6      5.755185
0      0      1      944    43     5.917185
0      0      1      948    110    5.957185
0      0      1      974    9      5.195185
0      0      1      1014   86     6.181185
0      0      1      898    140    5.703185
0      0      1      848    151    3.482185
0      0      1      880    201    3.040000
0      0      1      679    224    2.981000
0      0      1      756    276    5.819185
0      0      1      410    256    5.541185
0      0      1      343    293    3.987185
0      0      1      258    250    0.530000
0      0      1      463    297    3.734185
0      0      1      541    280    0.191000
0      0      1      592    215    3.113000
0      0      1      615    316    3.231185
0      0      1      586    341    2.897000
0      0      1      666    351    3.198185
0      0      1      518    335    2.836000
0      0      1      473    350    0.763000
0      0      1      749    330    3.507185
0      0      1      902    266    3.427185
0      0      1      104    283    3.023000
0      0      1      203    275    0.220000
0      0      1      170    299    2.904000
0      0      1      259    313    0.000000
0      0      1      291    343    0.000000
0      0      1      365    368    0.200000
0      0      1      472    408    5.886185
0      0      1      544    419    3.986185
0      0      1      575    473    3.440185
0      0      1      519    441    0.457000
0      0      1      471    466    3.475185
0      0      1      418    406    5.956185
0      0      1      358    404    0.000000
0      0      1      356    459    3.619185
0      0      1      383    486    3.229185
0      0      1      276    402    5.938185
0      0      1      227    339    0.675000
0      0      1      184    389    6.010185
0      0      1      146    425    2.409000
0      0      1      184    504    2.935000
0      0      1      228    574    3.215185
0      0      1      278    553    3.213185
0      0      1      267    476    3.468185
0      0      1      321    460    3.051000
0      0      1      440    505    0.503000
0      0      1      527    490    3.976185
0      0      1      727    383    3.177185
0      0      1      60     324    3.788185
0      0      1      21     345    2.828000
0      0      1      16     416    5.717185
0      0      1      75     470    3.848185
0      0      1      111    450    4.031185
0      0      1      144    537    6.133185
0      0      1      18     472    0.408000
0      0      1      68     532    0.000000
0      0      1      17     566    5.176185
0      0      1      79     623    6.031185
0      0      1      11     629    5.953185
0      0      1      72     690    0.545000
0      0      1      12     788    0.671000
0      0      1      148    651    0.000000
0      0      1      183    611    3.541185
0      0      1      200    682    4.104185
0      0      1      254    648    0.000000
0      0      1      261    719    5.997185
0      0      1      200    744    5.637185
0      0      1      236    794    3.316185
0      0      1      184    806    0.686000
0      0      1      308    737    0.012000
0      0      1      244    900    3.713185
0      0      1      333    830    0.000000
0      0      1      300    923    3.065000
0      0      1      171    996    3.223185
0      0      1      335    936    6.139185
0      0      1      371    858    0.326000
0      0      1      383    754    0.000000
0      0      1      433    754    6.080185
0      0      2      502    722    3.544185
0      0      1      468    800    3.410185
0      0      1      428    819    0.037000
0      0      1      423    892    5.458185
0      0      1      430    934    2.854000
0      0      1      368    991    3.534185
0      0      1      346    545    2.800000
0      0      1      325    620    3.576185
0      0      1      277    611    0.407000
0      0      1      404    614    5.622185
0      0      1      477    596    3.638185
0      0      1      487    553    3.758185
0      0      1      578    546    5.465185
0      0      1      633    549    5.880185
0      0      1      629    498    5.924185
0      0      1      667    463    3.394185
0      0      1      693    436    3.755185
0      0      1      728    500    6.253185
0      0      1      687    521    0.101000
0      0      1      835    329    0.412000
0      0      1      776    439    5.699185
0      0      1      823    430    6.071185
0      0      1      957    399    2.836000
0      0      1      1014   399    0.000000
0      0      1      987    518    3.013000
0      0      1      956    480    0.153000
0      0      1      880    446    0.307000
0      0      1      919    503    0.872000
0      0      1      952    581    6.141185
0      0      1      881    537    3.881185
0      0      1      805    525    0.660000
0      0      1      697    593    0.146000
0      0      1      607    631    3.763185
0      0      1      661    632    0.896000
0      0      1      751    580    3.873185
0      0      1      799    569    5.558185
0      0      1      569    935    6.164185
0      0      1      560    893    0.000000
0      0      1      496    867    2.678000
0      0      1      514    822    2.969000
0      0      1      547    749    2.501000
0      0      1      552    699    3.711185
0      0      1      632    705    2.795000
0      0      1      639    767    3.770185
0      0      1      619    811    6.195185
0      0      1      575    841    3.807185
0      0      1      634    889    6.162185
0      0      1      700    760    5.819185
0      0      1      504    993    2.811000
0      0      1      541    988    0.291000
0      0      1      580    988    2.944000
0      0      1      627    1015   2.967000
0      0      1      657    1023   0.000000
0      0      1      701    1009   3.663185
0      0      1      653    944    3.571185
0      0      2      891    367    3.710185
0      0      1      856    373    3.233185
0      0      1      798    621    6.167185
0      0      1      726    647    5.743185
0      0      1      792    679    0.000000
0      0      1      860    616    2.761000
0      0      1      830    654    0.441000
0      0      1      914    672    0.381000
0      0      1      947    633    5.645185
0      0      1      871    678    3.869185
0      0      1      823    707    3.720185
0      0      1      960    690    3.045000
0      0      1      969    725    6.127185
0      0      1      981    778    3.448185
0      0      1      884    730    0.188000
0      0      1      835    773    6.143185
0      0      1      799    765    4.048185
0      0      1      877    778    3.708185
0      0      1      920    786    2.620000
0      0      1      766    784    3.618185
0      0      1      726    820    2.587000
0      0      1      687    823    3.556185
0      0      1      682    853    0.000000
0      0      1      709    908    2.652000
0      0      1      794    952    6.207185
0      0      1      840    967    5.956185
0      0      1      859    901    3.082000
0      0      1      826    887    2.928000
0      0      1      779    876    0.727000
0      0      1      788    827    0.297000
0      0      1      869    835    6.162185
0      0      1      886    890    2.950000
0      0      1      934    885    2.691000
0      0      1      990    823    3.848185
0      0      1      1006   881    5.834185
0      0      1      990    949    3.418185
0      0      1      941    956    3.502185
0      0      1      888    1008   2.653000
0      0      1      958    1010   3.914185
0      0      1      756    717    3.382185
0      0      2      264    83     0.000000
0      0      2      209    399    0.000000
0      0      2      727    7      0.000000
0      0      2      314    566    0.000000
