0      0      2      32     275    0.000000
0      0      2      81     404    0.000000
0      0      2      305    266    0.000000
0      0      2      275    266    0.000000
0      0      2      381    186    0.000000
0      0      2      376    131    0.000000
0      0      2      177    556    0.000000
0      0      2      190    580    0.000000
0      0      2      159    480    0.000000
0      0      2      152    217    0.000000
0      0      2      244    215    0.000000
0      0      2      209    164    0.000000
0      0      2      259    139    0.000000
0      0      2      150    328    0.000000
0      0      2      153    3      0.000000
0      0      2      574    157    0.000000
0      0      2      137    137    0.000000
0      0      2      155    378    0.000000
0      0      2      95     327    0.000000
0      0      2      139    302    0.000000
0      0      2      346    187    0.000000
0      0      2      620    183    0.000000
0      0      2      104    193    0.000000
0      0      2      323    85     0.000000
0      0      2      363    104    0.000000
0      0      2      554    225    0.000000
0      0      2      638    266    0.000000
0      0      2      626    229    0.000000
0      0      2      714    70     0.000000
0      0      2      773    129    0.000000
0      0      2      967    150    0.000000
0      0      2      917    348    0.000000
0      0      2      861    234    0.000000
0      0      2      955    446    0.000000
0      0      2      438    456    0.000000
0      0      2      293    454    0.000000
0      0      2      400    344    0.000000
0      0      2      450    379    0.000000
0      0      2      599    452    0.000000
0      0      2      359    610    0.000000
0      0      2      88     557    0.000000
0      0      2      76     304    0.000000
0      0      2      653    133    0.000000
0      0      2      391    153    0.000000
0      0      2      351    142    0.000000
0      0      2      46     140    0.000000
0      0      2      296    508    0.000000
0      0      2      468    28     6.192185
0      0      2      668    4      6.219185
0      0      1      17     474    0.469000
0      0      1      66     536    3.126000
0      0      1      22     566    3.687185
0      0      1      78     625    6.009185
0      0      1      11     637    5.873185
0      0      1      73     691    0.631000
0      0      1      13     798    5.583185
0      0      1      178    995    0.195000
0      0      1      244    900    3.686185
0      0      1      198    745    5.585185
0      0      1      235    797    0.049000
0      0      1      188    813    2.582000
0      0      1      149    653    6.172185
0      0      1      139    534    2.991000
0      0      1      114    462    0.580000
0      0      1      185    389    2.859000
0      0      1      142    419    0.910000
0      0      1      21     350    2.797000
0      0      1      61     327    0.623000
0      0      1      14     416    5.762185
0      0      1      76     472    0.733000
0      0      1      151    34     6.076185
0      0      1      170    73     2.577000
0      0      1      104    102    3.527185
0      0      1      119    166    2.908000
0      0      1      178    192    3.030000
0      0      1      134    240    3.330185
0      0      1      104    281    6.198185
0      0      1      203    280    0.000000
0      0      1      238    50     2.717000
0      0      1      171    297    5.982185
0      0      1      242    165    5.726185
0      0      1      282    178    2.835000
0      0      1      327    188    6.230185
0      0      1      256    253    0.521000
0      0      1      362    2      0.175000
0      0      1      391    38     3.656185
0      0      1      260    309    0.064000
0      0      1      231    341    5.438185
0      0      1      296    347    6.108185
0      0      1      344    293    5.464185
0      0      1      405    256    0.702000
0      0      1      187    508    2.924000
0      0      1      265    477    3.451185
0      0      1      279    398    5.944185
0      0      1      318    462    3.179185
0      0      1      228    571    0.197000
0      0      1      184    608    0.415000
0      0      1      198    676    4.014185
0      0      1      251    649    3.223185
0      0      1      257    719    2.894000
0      0      1      310    741    3.049000
0      0      1      301    925    3.058000
0      0      1      336    834    0.000000
0      0      1      387    754    3.035000
0      0      1      371    859    0.409000
0      0      1      335    938    6.221185
0      0      1      365    988    3.493185
0      0      1      421    893    5.541185
0      0      1      438    936    6.032185
0      0      1      354    459    0.458000
0      0      1      385    484    3.179185
0      0      1      347    542    5.856185
0      0      1      282    558    6.268185
0      0      1      277    607    0.442000
0      0      1      329    613    0.693000
0      0      2      314    564    2.461000
0      0      1      408    75     0.271000
0      0      1      441    43     6.252185
0      0      1      467    130    5.695185
0      0      1      440    170    2.501000
0      0      1      550    122    5.978185
0      0      1      501    96     0.359000
0      0      1      557    45     3.762185
0      0      1      500    20     5.259185
0      0      1      589    214    0.000000
0      0      1      602    134    0.114000
0      0      1      630    133    3.190185
0      0      1      618    68     3.321185
0      0      1      597    13     6.200185
0      0      1      659    75     3.202185
0      0      1      699    41     3.622185
0      0      1      837    32     0.000000
0      0      1      779    15     5.803185
0      0      1      944    32     5.912185
0      0      1      872    80     5.969185
0      0      1      806    96     2.937000
0      0      1      741    91     5.957185
0      0      1      711    159    6.249185
0      0      1      540    281    3.311185
0      0      1      678    223    6.083185
0      0      1      853    153    0.339000
0      0      1      888    1      2.829000
0      0      1      984    11     0.556000
0      0      1      1012   87     6.171185
0      0      1      949    110    5.983185
0      0      2      899    145    0.000000
0      0      1      881    200    6.180185
0      0      1      906    265    0.335000
0      0      1      831    329    3.783185
0      0      2      883    363    3.754185
0      0      1      956    401    2.885000
0      0      1      1010   395    1.361000
0      0      1      822    429    2.998000
0      0      1      876    439    3.755185
0      0      1      853    371    3.266185
0      0      1      956    475    0.124000
0      0      1      992    514    2.957000
0      0      1      919    500    5.614185
0      0      1      955    580    2.857000
0      0      1      883    536    3.861185
0      0      1      946    633    0.834000
0      0      1      757    274    5.911185
0      0      1      749    332    0.346000
0      0      1      672    350    3.384185
0      0      1      727    383    3.114000
0      0      1      586    349    2.827000
0      0      1      616    315    0.086000
0      0      2      617    374    0.000000
0      0      1      471    299    3.799185
0      0      1      474    351    3.874185
0      0      1      522    339    2.700000
0      0      1      364    364    0.347000
0      0      1      422    398    2.992000
0      0      1      355    409    0.081000
0      0      1      473    407    5.860185
0      0      1      549    422    5.521185
0      0      1      469    465    3.478185
0      0      1      444    507    0.476000
0      0      1      522    487    2.503000
0      0      1      524    438    0.565000
0      0      1      572    476    0.285000
0      0      1      494    552    0.545000
0      0      1      475    592    0.129000
0      0      1      400    612    2.511000
0      0      1      579    549    5.407185
0      0      1      631    497    2.723000
0      0      1      630    552    5.889185
0      0      1      630    412    2.982000
0      0      1      694    435    0.617000
0      0      1      667    460    0.369000
0      0      1      690    515    0.025000
0      0      1      731    503    0.000000
0      0      1      789    454    5.793185
0      0      1      819    526    6.168185
0      0      1      501    990    5.989185
0      0      2      500    717    3.507185
0      0      1      436    750    6.269185
0      0      1      425    827    6.219185
0      0      1      464    803    3.418185
0      0      1      495    867    2.766000
0      0      1      551    754    2.438000
0      0      1      555    697    0.801000
0      0      1      629    705    3.000000
0      0      1      611    623    0.639000
0      0      1      699    591    3.236185
0      0      1      652    625    0.898000
0      0      1      725    648    5.648185
0      0      1      742    579    5.568185
0      0      1      790    575    5.871185
0      0      1      799    619    0.000000
0      0      1      859    605    3.775185
0      0      1      835    654    3.509185
0      0      1      787    690    3.441185
0      0      1      740    708    3.729185
0      0      1      821    715    0.412000
0      0      1      617    810    6.122185
0      0      1      574    841    3.857185
0      0      1      513    822    2.887000
0      0      1      560    892    3.048000
0      0      1      567    931    2.968000
0      0      1      583    986    2.985000
0      0      1      547    985    3.574185
0      0      1      559    1014   2.620000
0      0      1      651    947    3.611185
0      0      1      708    910    5.685185
0      0      1      630    889    6.143185
0      0      1      644    767    0.549000
0      0      1      671    818    0.395000
0      0      1      686    852    6.056185
0      0      1      701    764    2.824000
0      0      1      726    818    3.938185
0      0      1      760    783    3.631185
0      0      1      798    773    2.485000
0      0      1      835    772    6.113185
0      0      1      871    677    3.893185
0      0      1      879    735    0.139000
0      0      1      781    873    3.840185
0      0      1      796    931    0.028000
0      0      1      840    969    2.849000
0      0      1      860    902    6.133185
0      0      1      827    882    3.080000
0      0      1      792    830    3.594185
0      0      1      872    838    2.754000
0      0      1      930    880    2.607000
0      0      1      884    884    0.000000
0      0      1      915    914    0.785000
0      0      1      944    965    3.594185
0      0      1      988    946    3.424185
0      0      1      958    1012   3.765185
0      0      1      893    1010   2.697000
0      0      1      699    1012   2.214000
0      0      1      659    1020   0.000000
0      0      1      629    1023   0.000000
0      0      1      875    782    0.557000
0      0      1      913    792    2.764000
0      0      1      914    672    3.671185
0      0      1      957    692    6.059185
0      0      1      965    724    6.050185
0      0      1      979    777    3.515185
0      0      1      984    827    5.660185
0      0      1      1002   883    5.862185
0      0      2      260    84     0.000000
0      0      2      208    399    0.000000
0      0      2      726    10     0.000000
