0      0      2      33     275    0.000000
0      0      2      82     403    0.000000
0      0      2      155    381    0.000000
0      0      2      153    325    0.000000
0      0      2      139    297    0.000000
0      0      2      305    265    0.000000
0      0      2      275    266    0.000000
0      0      2      243    215    0.000000
0      0      2      211    162    0.000000
0      0      2      151    215    0.000000
0      0      2      104    193    0.000000
0      0      2      378    188    0.000000
0      0      2      347    186    0.000000
0      0      2      574    156    0.000000
0      0      2      377    132    0.000000
0      0      2      138    139    0.000000
0      0      2      45     143    0.000000
0      0      2      176    555    0.000000
0      0      2      193    582    0.000000
0      0      2      76     304    0.000000
0      0      2      96     325    0.000000
0      0      2      256    136    0.000000
0      0      2      325    84     0.000000
0      0      2      364    104    0.000000
0      0      2      350    142    0.000000
0      0      2      391    155    0.000000
0      0      2      554    224    0.000000
0      0      2      624    228    0.000000
0      0      2      637    266    0.000000
0      0      2      772    129    0.000000
0      0      2      967    150    0.000000
0      0      2      903    148    0.000000
0      0      2      716    70     0.000000
0      0      2      655    131    0.000000
0      0      2      667    9      0.000000
0      0      2      402    344    0.000000
0      0      2      451    379    0.000000
0      0      2      437    455    0.000000
0      0      2      598    451    0.000000
0      0      2      357    607    0.000000
0      0      2      293    453    0.000000
0      0      2      314    563    0.000000
0      0      2      88     556    0.000000
0      0      2      156    482    3.246185
0      0      2      617    375    2.983000
0      0      2      954    447    0.000000
0      0      2      916    349    0.000000
0      0      2      863    237    0.000000
0      0      1      172    77     5.489185
0      0      1      154    37     2.774000
0      0      1      111    100    3.574185
0      0      1      117    163    2.859000
0      0      1      130    243    3.467185
0      0      1      177    190    6.183185
0      0      1      204    275    3.238185
0      0      1      257    249    3.726185
0      0      1      245    166    2.624000
0      0      1      326    184    3.059000
0      0      1      283    177    5.917185
0      0      1      435    167    5.619185
0      0      1      467    132    2.616000
0      0      1      501    95     3.476185
0      0      1      548    121    2.847000
0      0      1      408    256    3.838185
0      0      1      345    295    2.402000
0      0      1      261    310    0.040000
0      0      1      233    343    3.911185
0      0      1      298    354    5.860185
0      0      1      280    398    2.659000
0      0      1      465    299    0.622000
0      0      1      540    283    0.211000
0      0      1      137    418    2.518000
0      0      1      185    393    2.944000
0      0      1      170    303    5.862185
0      0      2      263    81     0.000000
0      0      2      621    186    0.000000
0      0      2      468    27     0.000000
0      0      2      152    8      0.000000
0      0      1      236    51     5.928185
0      0      1      442    40     0.000000
0      0      1      405    74     3.561185
0      0      1      391    34     3.729185
0      0      1      360    19     0.044000
0      0      1      499    21     0.532000
0      0      1      554    49     3.877185
0      0      1      589    12     6.130185
0      0      1      618    69     3.354185
0      0      1      659    68     3.236185
0      0      1      700    38     0.400000
0      0      1      780    16     5.909185
0      0      1      744    90     2.738000
0      0      1      808    93     6.133185
0      0      1      830    36     6.190185
0      0      1      946    34     5.954185
0      0      1      879    9      6.206185
0      0      1      872    81     6.070185
0      0      1      853    154    3.522185
0      0      1      881    202    6.129185
0      0      1      951    107    6.050185
0      0      1      994    16     0.655000
0      0      1      1012   88     6.128185
0      0      1      707    162    0.000000
0      0      1      679    222    6.116185
0      0      1      632    135    3.196185
0      0      1      603    133    3.205185
0      0      1      587    214    2.897000
0      0      1      614    316    3.227185
0      0      1      583    341    2.702000
0      0      1      754    275    2.652000
0      0      1      668    355    3.470185
0      0      1      745    331    0.333000
0      0      1      726    375    3.116000
0      0      1      816    330    0.525000
0      0      1      903    268    3.537185
0      0      1      855    352    0.122000
0      0      1      948    402    0.000000
0      0      1      1008   393    2.678000
0      0      1      921    508    2.383000
0      0      1      949    476    3.178185
0      0      1      991    516    2.991000
0      0      1      953    580    6.047185
0      0      1      885    541    2.462000
0      0      1      823    438    6.015185
0      0      1      862    427    5.757185
0      0      1      788    459    5.791185
0      0      1      733    506    3.084000
0      0      1      696    434    0.615000
0      0      1      669    461    0.342000
0      0      1      628    417    2.976000
0      0      1      523    337    5.819185
0      0      1      544    423    4.014185
0      0      1      573    472    0.216000
0      0      1      631    497    5.972185
0      0      1      632    553    5.862185
0      0      1      583    551    5.751185
0      0      1      690    517    3.153185
0      0      1      782    557    3.410185
0      0      1      828    529    0.000000
0      0      1      694    591    0.000000
0      0      1      736    571    2.592000
0      0      1      611    616    5.506185
0      0      1      656    632    5.593185
0      0      1      725    650    2.873000
0      0      1      792    614    0.069000
0      0      1      860    603    0.569000
0      0      1      945    630    3.873185
0      0      1      913    682    0.352000
0      0      1      959    691    5.917185
0      0      1      967    725    2.848000
0      0      1      983    772    0.441000
0      0      1      912    790    2.667000
0      0      1      887    738    3.437185
0      0      1      866    683    3.847185
0      0      1      844    654    3.736185
0      0      1      797    685    0.173000
0      0      1      740    712    3.000000
0      0      1      625    700    0.000000
0      0      1      796    777    5.831185
0      0      1      819    717    0.556000
0      0      1      835    772    0.042000
0      0      1      871    781    3.816185
0      0      1      935    877    5.729185
0      0      1      979    824    2.594000
0      0      1      1000   880    2.631000
0      0      1      990    944    0.278000
0      0      1      945    958    3.744185
0      0      1      915    914    3.828185
0      0      1      890    1010   0.000000
0      0      1      958    1017   3.618185
0      0      1      862    901    6.123185
0      0      1      837    968    3.172185
0      0      1      871    836    2.871000
0      0      1      885    887    6.153185
0      0      1      826    885    6.189185
0      0      1      371    367    3.638185
0      0      1      357    410    0.112000
0      0      1      421    401    3.127000
0      0      1      476    405    2.863000
0      0      1      481    352    0.701000
0      0      1      514    449    3.783185
0      0      1      469    465    0.155000
0      0      1      448    504    3.422185
0      0      1      520    497    5.627185
0      0      1      504    559    5.930185
0      0      1      454    592    2.717000
0      0      1      556    698    5.782185
0      0      2      501    715    3.618185
0      0      1      554    753    5.747185
0      0      1      434    749    3.022000
0      0      1      378    748    3.057000
0      0      1      465    805    3.302185
0      0      1      619    812    6.024185
0      0      1      638    765    0.443000
0      0      1      698    759    0.197000
0      0      1      669    822    3.766185
0      0      1      756    782    0.458000
0      0      1      716    817    0.653000
0      0      1      774    837    5.378185
0      0      1      777    874    3.618185
0      0      1      799    936    0.059000
0      0      1      715    913    2.595000
0      0      1      688    864    2.517000
0      0      1      633    883    3.038000
0      0      1      649    951    0.543000
0      0      1      701    1021   3.538185
0      0      1      664    1021   0.050000
0      0      1      630    1023   0.000000
0      0      1      584    983    6.157185
0      0      1      567    930    2.816000
0      0      1      542    985    3.729185
0      0      1      561    1020   4.403185
0      0      1      501    997    2.735000
0      0      1      561    892    0.000000
0      0      1      573    841    0.690000
0      0      1      516    822    2.925000
0      0      1      496    866    2.728000
0      0      1      439    937    6.079185
0      0      1      421    896    5.618185
0      0      1      429    823    3.156185
0      0      1      371    854    3.596185
0      0      1      337    832    0.023000
0      0      1      301    927    3.076000
0      0      1      332    939    6.262185
0      0      1      365    993    0.278000
0      0      1      244    901    0.497000
0      0      1      187    997    0.360000
0      0      1      386    475    3.130000
0      0      1      356    459    0.405000
0      0      1      322    456    0.000000
0      0      1      259    476    0.531000
0      0      2      299    502    0.000000
0      0      1      104    279    3.000000
0      0      1      60     324    3.616185
0      0      1      18     341    5.898185
0      0      1      16     418    5.819185
0      0      1      114    469    0.679000
0      0      1      79     469    0.625000
0      0      1      21     477    0.355000
0      0      1      65     537    3.078000
0      0      1      18     564    5.417185
0      0      1      78     621    2.919000
0      0      1      74     690    0.545000
0      0      1      11     635    5.731185
0      0      1      152    650    3.057000
0      0      1      282    550    0.000000
0      0      1      230    574    3.201185
0      0      1      277    606    0.029000
0      0      1      323    624    2.323000
0      0      1      348    542    2.654000
0      0      1      253    647    3.272185
0      0      1      183    611    0.555000
0      0      1      199    681    5.498185
0      0      1      256    720    6.050185
0      0      1      308    736    3.045000
0      0      1      197    744    5.659185
0      0      1      231    797    3.220185
0      0      1      392    618    0.866000
0      0      1      187    504    2.911000
0      0      1      137    535    5.877185
0      0      2      893    368    0.000000
0      0      2      207    399    0.000000
0      0      2      727    7      0.000000
0      0      1      3      808    5.513185
0      0      1      184    822    2.881000
