0      0      2      82     402    0.000000
0      0      2      154    377    0.000000
0      0      2      32     276    0.000000
0      0      2      45     142    0.000000
0      0      2      138    140    0.000000
0      0      2      212    167    0.000000
0      0      2      378    130    0.000000
0      0      2      305    266    0.000000
0      0      2      276    267    0.000000
0      0      2      245    215    0.000000
0      0      2      380    188    0.000000
0      0      2      194    580    0.000000
0      0      2      178    556    0.000000
0      0      2      151    7      0.000000
0      0      2      103    196    0.000000
0      0      2      152    217    0.000000
0      0      2      862    236    0.000000
0      0      2      262    84     0.000000
0      0      2      257    137    0.000000
0      0      2      402    345    0.000000
0      0      2      577    158    0.000000
0      0      2      467    27     0.000000
0      0      2      347    189    0.000000
0      0      2      140    301    0.000000
0      0      2      152    326    0.000000
0      0      2      79     306    0.000000
0      0      2      96     328    0.000000
0      0      2      159    481    0.000000
0      0      2      615    375    0.000000
0      0      2      392    153    0.000000
0      0      2      324    83     0.000000
0      0      2      364    105    0.000000
0      0      2      350    143    0.000000
0      0      2      99     80     0.000000
0      0      2      208    399    0.000000
0      0      2      88     556    0.000000
0      0      2      291    457    0.000000
0      0      2      437    456    0.000000
0      0      2      357    609    0.000000
0      0      2      312    563    0.000000
0      0      2      714    70     0.000000
0      0      2      772    130    0.000000
0      0      2      967    150    0.000000
0      0      2      917    349    0.000000
0      0      2      553    224    0.000000
0      0      2      637    266    0.000000
0      0      2      626    228    0.000000
0      0      2      667    10     0.000000
0      0      2      729    10     0.000000
0      0      2      956    447    0.000000
0      0      2      597    451    0.000000
0      0      2      450    380    0.000000
0      0      2      296    510    0.000000
0      0      1      238    51     2.723000
0      0      1      149    35     6.042185
0      0      1      181    83     0.450000
0      0      1      111    96     3.656185
0      0      1      116    164    2.861000
0      0      1      175    188    3.055000
0      0      1      243    165    2.513000
0      0      1      284    176    2.733000
0      0      1      324    188    0.043000
0      0      1      405    76     3.580185
0      0      1      390    37     3.592185
0      0      1      357    27     0.228000
0      0      1      139    245    0.238000
0      0      1      203    283    0.103000
0      0      1      259    251    3.611185
0      0      1      343    291    0.785000
0      0      1      409    258    0.285000
0      0      1      433    159    2.594000
0      0      1      467    130    5.773185
0      0      1      443    41     0.000000
0      0      1      494    32     0.613000
0      0      1      549    41     3.938185
0      0      1      500    95     3.342185
0      0      1      547    125    6.009185
0      0      1      597    124    0.000000
0      0      1      634    133    0.000000
0      0      1      619    70     3.210185
0      0      1      588    16     6.161185
0      0      2      656    128    0.000000
0      0      1      699    42     0.501000
0      0      1      661    69     3.281185
0      0      1      746    91     5.867185
0      0      1      786    26     6.124185
0      0      1      828    35     6.097185
0      0      1      809    91     6.049185
0      0      1      866    81     5.961185
0      0      1      880    8      0.220000
0      0      1      946    33     6.025185
0      0      1      949    109    5.976185
0      0      1      1009   88     6.175185
0      0      1      1000   19     0.476000
0      0      1      702    160    0.000000
0      0      1      849    150    3.537185
0      0      1      900    148    2.657000
0      0      1      883    202    2.971000
0      0      1      903    268    3.469185
0      0      1      682    221    0.000000
0      0      1      751    278    2.584000
0      0      1      745    333    3.449185
0      0      1      811    331    3.632185
0      0      1      854    351    0.000000
0      0      2      891    365    0.284000
0      0      1      949    402    3.556185
0      0      1      1021   389    1.309000
0      0      1      988    517    0.000000
0      0      1      944    475    3.379185
0      0      1      863    424    2.810000
0      0      1      825    439    5.995185
0      0      1      790    467    2.610000
0      0      1      823    530    0.241000
0      0      1      881    541    5.691185
0      0      1      920    502    2.399000
0      0      1      954    585    2.900000
0      0      1      582    215    2.815000
0      0      1      100    283    3.029000
0      0      1      170    304    2.921000
0      0      1      49     319    3.776185
0      0      1      21     348    5.863185
0      0      1      142    420    4.008185
0      0      1      187    394    2.947000
0      0      1      233    342    0.761000
0      0      1      270    312    3.339185
0      0      1      290    359    5.914185
0      0      1      279    401    5.952185
0      0      1      371    373    3.838185
0      0      1      350    412    0.000000
0      0      1      423    399    0.000000
0      0      1      476    407    5.805185
0      0      1      479    353    3.950185
0      0      1      540    279    0.216000
0      0      1      468    300    0.707000
0      0      1      530    347    5.719185
0      0      1      584    337    2.509000
0      0      1      618    319    0.000000
0      0      1      677    354    3.519185
0      0      1      729    379    0.000000
0      0      1      696    433    0.644000
0      0      1      630    426    5.794185
0      0      1      544    420    0.716000
0      0      1      510    450    0.555000
0      0      1      469    463    0.255000
0      0      1      573    476    0.271000
0      0      1      671    461    0.322000
0      0      1      631    496    2.766000
0      0      1      584    554    5.946185
0      0      1      634    551    1.028000
0      0      1      518    501    2.447000
0      0      1      515    578    2.836000
0      0      1      446    578    0.249000
0      0      1      458    507    3.949185
0      0      1      388    478    0.000000
0      0      1      356    456    3.633185
0      0      1      317    468    6.139185
0      0      1      264    479    0.554000
0      0      1      186    503    6.064185
0      0      1      239    577    3.280185
0      0      1      280    554    3.033000
0      0      1      276    604    0.000000
0      0      1      348    539    2.622000
0      0      1      392    616    0.808000
0      0      1      692    520    3.207185
0      0      1      730    508    0.000000
0      0      1      9      416    0.890000
0      0      1      111    471    0.627000
0      0      1      22     475    0.502000
0      0      1      63     543    3.065000
0      0      1      75     468    0.624000
0      0      1      135    527    4.107185
0      0      1      68     689    0.660000
0      0      1      76     621    6.073185
0      0      1      15     555    1.023000
0      0      1      11     635    5.826185
0      0      1      12     807    0.000000
0      0      1      148    650    0.000000
0      0      1      174    604    0.656000
0      0      1      199    681    3.952185
0      0      1      251    652    0.148000
0      0      1      318    626    0.766000
0      0      1      258    715    3.011000
0      0      1      308    738    3.072000
0      0      1      195    749    5.614185
0      0      1      230    794    3.240185
0      0      1      181    822    0.000000
0      0      1      244    902    0.571000
0      0      1      301    924    6.183185
0      0      1      334    834    0.000000
0      0      1      388    756    2.974000
0      0      1      437    747    0.000000
0      0      1      549    763    6.028185
0      0      1      565    697    2.941000
0      0      1      612    627    3.640185
0      0      1      619    693    0.430000
0      0      1      655    633    5.764185
0      0      1      696    596    0.000000
0      0      1      733    569    1.007000
0      0      1      779    554    0.451000
0      0      1      790    613    6.120185
0      0      1      722    658    5.976185
0      0      1      727    703    3.383185
0      0      1      465    801    3.431185
0      0      1      370    857    0.440000
0      0      1      420    894    2.454000
0      0      1      435    934    2.936000
0      0      1      367    983    0.362000
0      0      1      334    942    2.972000
0      0      1      192    1006   0.693000
0      0      1      430    828    0.000000
0      0      1      516    830    2.960000
0      0      1      495    868    5.952185
0      0      1      863    599    0.464000
0      0      1      799    681    3.473185
0      0      1      849    646    3.949185
0      0      1      944    630    2.326000
0      0      1      905    687    3.575185
0      0      1      957    690    5.845185
0      0      1      965    731    5.982185
0      0      1      870    679    3.891185
0      0      1      892    744    3.452185
0      0      1      819    715    3.630185
0      0      1      835    771    3.216185
0      0      1      869    786    3.656185
0      0      1      912    792    5.865185
0      0      1      984    771    0.656000
0      0      1      977    823    2.479000
0      0      1      938    874    0.961000
0      0      1      947    960    0.409000
0      0      1      634    763    0.495000
0      0      1      699    762    0.219000
0      0      1      753    784    3.484185
0      0      1      799    775    5.987185
0      0      1      618    812    6.103185
0      0      1      571    840    3.705185
0      0      1      559    893    3.178185
0      0      1      564    929    6.038185
0      0      1      624    886    6.086185
0      0      1      662    821    0.630000
0      0      1      702    812    0.569000
0      0      1      684    869    4.035185
0      0      1      711    914    5.781185
0      0      1      654    950    0.699000
0      0      1      497    992    5.838185
0      0      1      542    984    3.634185
0      0      1      584    981    6.159185
0      0      1      564    1017   0.000000
0      0      1      703    1019   3.725185
0      0      1      659    1022   3.536185
0      0      1      775    877    0.508000
0      0      1      769    841    3.902185
0      0      1      823    879    6.165185
0      0      1      800    929    0.000000
0      0      1      870    835    5.986185
0      0      1      860    900    0.000000
0      0      1      885    884    2.875000
0      0      1      922    914    0.000000
0      0      1      846    977    6.116185
0      0      1      893    1020   3.423185
0      0      1      1006   878    4.211185
0      0      1      990    945    0.278000
0      0      1      957    1016   5.296185
0      0      2      501    720    0.000000
