0      0      2      178    556    0.000000
0      0      2      192    580    0.000000
0      0      2      156    379    0.000000
0      0      2      82     403    0.000000
0      0      2      32     275    0.000000
0      0      2      45     143    0.000000
0      0      2      105    193    0.000000
0      0      2      152    219    0.000000
0      0      2      210    163    0.000000
0      0      2      244    214    0.000000
0      0      2      305    265    0.000000
0      0      2      275    264    0.000000
0      0      2      259    137    0.000000
0      0      2      377    131    0.000000
0      0      2      379    188    0.000000
0      0      2      347    187    0.000000
0      0      2      137    138    0.000000
0      0      2      152    328    0.000000
0      0      2      94     325    0.000000
0      0      2      862    237    0.000000
0      0      2      467    27     0.000000
0      0      2      140    300    0.000000
0      0      2      161    480    0.000000
0      0      2      102    78     0.000000
0      0      2      76     306    0.000000
0      0      2      88     557    0.000000
0      0      2      292    454    0.000000
0      0      2      209    400    0.000000
0      0      2      451    380    0.000000
0      0      2      401    345    0.000000
0      0      2      435    456    0.000000
0      0      2      637    266    0.000000
0      0      2      772    129    0.000000
0      0      2      715    70     0.000000
0      0      2      325    84     0.000000
0      0      2      364    104    0.000000
0      0      2      351    142    0.000000
0      0      2      550    224    0.000000
0      0      2      624    229    0.000000
0      0      2      654    131    0.000000
0      0      2      967    150    0.000000
0      0      2      916    348    0.000000
0      0      2      957    451    0.000000
0      0      2      598    453    0.000000
0      0      2      357    608    0.000000
0      0      2      314    563    0.000000
0      0      2      500    719    0.000000
0      0      2      575    156    0.000000
0      0      2      392    155    0.000000
0      0      2      666    10     0.000000
0      0      2      728    3      0.000000
0      0      1      78     624    2.887000
0      0      1      149    652    3.128000
0      0      1      74     690    3.725185
0      0      1      11     638    5.786185
0      0      1      23     569    5.740185
0      0      1      16     412    5.672185
0      0      1      17     344    5.819185
0      0      1      46     316    3.729185
0      0      1      97     281    0.000000
0      0      1      140    246    0.177000
0      0      1      168    298    5.942185
0      0      1      202    280    3.124000
0      0      1      258    251    0.525000
0      0      1      326    192    3.058000
0      0      1      175    178    6.106185
0      0      1      272    309    0.417000
0      0      1      347    291    3.798185
0      0      1      414    252    0.322000
0      0      1      471    299    3.816185
0      0      1      554    284    0.115000
0      0      1      622    316    2.989000
0      0      1      584    335    5.604185
0      0      2      610    375    0.000000
0      0      1      189    395    0.037000
0      0      1      232    340    2.251000
0      0      1      293    358    5.875185
0      0      1      372    372    3.877185
0      0      1      418    411    3.173185
0      0      1      532    355    5.777185
0      0      1      474    345    2.479000
0      0      1      684    226    0.122000
0      0      1      182    83     0.335000
0      0      1      236    56     5.860185
0      0      1      157    33     5.983185
0      0      1      115    97     5.629185
0      0      1      119    163    6.055185
0      0      1      243    167    5.755185
0      0      1      282    174    5.950185
0      0      1      394    30     3.659185
0      0      1      356    30     0.350000
0      0      1      404    72     3.584185
0      0      1      439    50     6.159185
0      0      1      503    26     0.758000
0      0      1      552    37     0.785000
0      0      1      592    11     0.000000
0      0      1      501    100    3.342185
0      0      1      547    124    6.097185
0      0      1      595    113    2.875000
0      0      1      620    62     0.000000
0      0      1      663    68     3.342185
0      0      1      701    40     3.605185
0      0      1      746    88     2.648000
0      0      1      787    26     0.000000
0      0      1      828    41     6.009185
0      0      1      809    91     5.989185
0      0      1      868    82     2.728000
0      0      1      867    1      0.528000
0      0      2      153    6      0.000000
0      0      2      910    3      0.000000
0      0      1      633    133    0.086000
0      0      1      705    161    3.188185
0      0      1      582    218    2.685000
0      0      1      469    130    2.719000
0      0      1      425    152    2.563000
0      0      1      946    38     5.973185
0      0      1      947    112    5.872185
0      0      1      1013   90     2.939000
0      0      1      997    16     0.491000
0      0      2      899    142    0.000000
0      0      1      113    473    0.496000
0      0      1      146    423    2.533000
0      0      1      67     469    5.548185
0      0      1      28     477    0.559000
0      0      1      64     544    2.806000
0      0      1      141    529    5.737185
0      0      1      189    513    2.908000
0      0      1      263    479    3.927185
0      0      1      321    469    6.007185
0      0      1      277    397    5.975185
0      0      1      348    413    0.000000
0      0      1      386    473    0.000000
0      0      1      355    457    0.312000
0      0      1      472    411    2.707000
0      0      1      237    570    3.362185
0      0      1      278    550    0.000000
0      0      2      300    503    0.000000
0      0      1      180    609    0.609000
0      0      1      249    651    3.331185
0      0      1      200    680    0.765000
0      0      1      256    715    3.092000
0      0      1      308    737    3.010000
0      0      1      279    603    3.000000
0      0      1      311    629    2.678000
0      0      1      354    549    5.743185
0      0      1      1      810    6.098185
0      0      1      184    828    0.000000
0      0      1      195    751    5.624185
0      0      1      231    793    3.251185
0      0      1      435    589    5.835185
0      0      1      461    509    5.719185
0      0      1      387    622    2.559000
0      0      1      382    755    3.044000
0      0      1      437    749    6.135185
0      0      1      470    801    3.386185
0      0      1      543    762    6.115185
0      0      1      507    610    3.286185
0      0      1      519    503    2.390000
0      0      1      473    460    3.170185
0      0      1      512    451    0.728000
0      0      1      544    424    5.457185
0      0      1      572    477    3.411185
0      0      1      587    564    2.737000
0      0      1      627    500    6.093185
0      0      1      639    555    5.596185
0      0      1      688    512    3.283185
0      0      1      668    460    3.581185
0      0      1      625    423    5.829185
0      0      1      745    281    2.776000
0      0      1      853    152    0.356000
0      0      1      883    208    3.069000
0      0      1      904    267    0.480000
0      0      1      807    330    0.418000
0      0      1      743    331    3.356185
0      0      1      673    366    3.781185
0      0      1      731    387    2.835000
0      0      1      689    434    0.519000
0      0      1      733    501    0.000000
0      0      1      788    459    5.710185
0      0      1      825    451    2.856000
0      0      1      870    431    3.020000
0      0      1      849    341    0.000000
0      0      1      953    396    3.723185
0      0      1      335    828    6.206185
0      0      1      370    852    5.329185
0      0      1      431    829    0.213000
0      0      1      243    899    2.221000
0      0      1      298    927    2.974000
0      0      1      334    937    2.962000
0      0      1      192    1005   0.785000
0      0      1      365    987    3.590185
0      0      1      418    897    2.569000
0      0      1      436    936    0.000000
0      0      1      496    993    2.778000
0      0      1      498    870    5.885185
0      0      1      522    823    6.015185
0      0      1      572    838    5.392185
0      0      1      576    699    3.412185
0      0      1      625    691    3.792185
0      0      1      612    618    0.338000
0      0      1      654    641    2.866000
0      0      1      692    599    3.022000
0      0      1      715    569    6.038185
0      0      1      762    554    0.707000
0      0      1      818    528    0.000000
0      0      1      880    538    5.690185
0      0      1      916    505    5.546185
0      0      1      934    482    0.464000
0      0      1      993    516    2.928000
0      0      1      955    585    6.066185
0      0      1      853    591    0.000000
0      0      1      724    660    6.133185
0      0      1      635    758    3.588185
0      0      1      616    806    3.103000
0      0      1      631    876    5.902185
0      0      1      557    892    0.000000
0      0      1      569    924    6.105185
0      0      1      587    985    6.097185
0      0      1      541    990    3.433185
0      0      1      566    1014   2.802000
0      0      1      650    954    5.284185
0      0      1      716    916    2.793000
0      0      1      709    1002   5.082185
0      0      1      667    1023   3.866185
0      0      1      698    766    3.794185
0      0      1      717    701    0.000000
0      0      1      800    673    0.264000
0      0      1      776    619    0.000000
0      0      1      942    629    0.882000
0      0      1      853    646    5.498185
0      0      1      912    686    0.472000
0      0      1      819    715    0.620000
0      0      1      961    690    5.888185
0      0      1      968    729    2.944000
0      0      1      761    786    0.387000
0      0      1      800    780    5.878185
0      0      1      837    760    0.149000
0      0      1      870    683    0.740000
0      0      1      894    749    0.519000
0      0      1      866    786    0.484000
0      0      1      916    796    5.985185
0      0      1      969    818    5.910185
0      0      1      934    867    5.643185
0      0      1      1005   885    6.005185
0      0      1      985    944    0.328000
0      0      1      868    834    0.000000
0      0      1      765    836    5.568185
0      0      1      693    812    0.571000
0      0      1      659    823    5.513185
0      0      1      680    869    0.689000
0      0      1      798    931    5.902185
0      0      1      822    877    6.132185
0      0      1      859    899    2.907000
0      0      1      885    889    5.977185
0      0      1      932    926    5.724185
0      0      1      944    965    0.464000
0      0      1      840    969    0.000000
0      0      1      888    1022   3.475185
0      0      2      893    365    0.437000
0      0      1      1009   390    0.859000
