0      0      2      106    81     0.000000
0      0      2      32     274    0.000000
0      0      2      93     325    0.000000
0      0      2      83     402    0.000000
0      0      2      157    378    0.000000
0      0      2      152    219    0.000000
0      0      2      107    193    0.000000
0      0      2      138    140    0.000000
0      0      2      212    165    0.000000
0      0      2      244    214    0.000000
0      0      2      304    265    0.000000
0      0      2      277    267    0.000000
0      0      2      379    188    0.000000
0      0      2      348    190    0.000000
0      0      2      469    28     0.000000
0      0      2      576    158    0.000000
0      0      2      194    580    0.000000
0      0      2      176    555    0.000000
0      0      2      104    246    0.000000
0      0      2      258    138    0.000000
0      0      2      669    12     0.000000
0      0      2      155    8      0.000000
0      0      2      379    128    0.000000
0      0      2      160    481    0.000000
0      0      2      90     556    0.000000
0      0      2      154    327    0.000000
0      0      2      657    130    0.000000
0      0      2      45     141    0.000000
0      0      2      136    297    0.000000
0      0      2      325    85     0.000000
0      0      2      773    130    0.000000
0      0      2      714    72     0.000000
0      0      2      968    149    0.000000
0      0      2      918    348    0.000000
0      0      2      863    235    0.000000
0      0      2      551    226    0.000000
0      0      2      625    229    0.000000
0      0      2      639    266    0.000000
0      0      2      889    364    0.000000
0      0      2      956    450    0.000000
0      0      2      595    452    0.000000
0      0      2      401    346    0.000000
0      0      2      452    379    0.000000
0      0      2      436    457    0.000000
0      0      2      291    453    0.000000
0      0      2      357    607    0.000000
0      0      2      311    564    0.000000
0      0      2      208    399    0.000000
0      0      2      360    107    0.000000
0      0      2      391    155    0.000000
0      0      2      352    143    0.000000
0      0      1      197    751    2.398000
0      0      1      185    82     3.368185
0      0      1      155    35     2.856000
0      0      1      135    93     4.004185
0      0      1      240    54     5.746185
0      0      1      356    16     0.268000
0      0      1      393    30     0.521000
0      0      1      441    40     6.105185
0      0      1      469    133    5.863185
0      0      1      503    99     0.335000
0      0      1      323    188    3.208185
0      0      1      283    173    2.875000
0      0      1      246    174    5.729185
0      0      1      172    179    6.124185
0      0      1      117    164    6.007185
0      0      1      602    112    6.019185
0      0      1      634    133    3.060000
0      0      1      619    62     2.972000
0      0      1      590    13     6.141185
0      0      1      662    65     0.087000
0      0      1      697    46     3.622185
0      0      1      746    87     5.795185
0      0      1      789    29     0.000000
0      0      1      827    41     6.033185
0      0      1      810    85     0.000000
0      0      1      866    82     5.999185
0      0      1      857    -1     0.396000
0      0      1      950    39     2.774000
0      0      1      998    19     0.425000
0      0      1      1010   87     2.871000
0      0      1      953    113    5.739185
0      0      1      859    145    3.512185
0      0      1      882    206    3.027000
0      0      1      909    265    3.588185
0      0      2      901    144    0.000000
0      0      1      402    71     3.420185
0      0      1      420    141    5.624185
0      0      1      546    124    3.027000
0      0      1      560    43     2.290000
0      0      1      505    25     0.723000
0      0      1      701    165    3.307185
0      0      1      746    277    3.141185
0      0      1      681    224    3.605185
0      0      1      749    331    0.230000
0      0      1      800    335    3.708185
0      0      1      847    324    2.799000
0      0      1      948    401    3.583185
0      0      1      671    360    5.465185
0      0      1      729    391    6.238185
0      0      1      829    447    5.846185
0      0      1      870    419    6.071185
0      0      1      792    458    4.037185
0      0      1      882    541    5.721185
0      0      1      912    506    0.623000
0      0      1      934    475    3.597185
0      0      1      986    518    5.986185
0      0      1      954    583    2.839000
0      0      1      623    310    6.147185
0      0      1      582    218    2.709000
0      0      1      411    254    0.156000
0      0      1      344    292    3.718185
0      0      1      477    298    3.793185
0      0      1      563    284    0.159000
0      0      1      473    348    5.726185
0      0      1      207    281    0.039000
0      0      1      275    314    0.464000
0      0      1      290    361    5.878185
0      0      1      232    342    3.870185
0      0      1      255    253    3.710185
0      0      1      156    245    0.122000
0      0      1      92     285    0.000000
0      0      1      167    300    5.899185
0      0      1      186    395    3.245185
0      0      1      145    425    2.734000
0      0      1      43     313    0.416000
0      0      1      16     346    5.855185
0      0      1      5      405    0.774000
0      0      1      113    472    3.587185
0      0      1      71     472    2.322000
0      0      1      138    529    5.647185
0      0      1      190    507    2.992000
0      0      1      264    482    5.658185
0      0      1      284    397    5.988185
0      0      1      377    379    3.741185
0      0      1      422    418    0.139000
0      0      1      470    411    5.705185
0      0      1      537    358    5.774185
0      0      1      590    332    5.401185
0      0      2      611    376    0.000000
0      0      1      354    461    0.298000
0      0      1      340    417    0.000000
0      0      1      384    476    0.000000
0      0      1      318    471    2.860000
0      0      1      353    554    5.743185
0      0      1      463    528    3.020000
0      0      1      469    464    0.149000
0      0      1      509    450    0.565000
0      0      1      543    423    0.772000
0      0      1      572    479    3.404185
0      0      1      525    502    5.608185
0      0      1      623    425    5.842185
0      0      1      696    437    0.547000
0      0      1      732    508    3.162185
0      0      1      675    464    0.294000
0      0      1      691    517    0.150000
0      0      1      625    495    6.194185
0      0      1      1002   393    2.580000
0      0      1      21     568    2.641000
0      0      1      26     470    0.799000
0      0      1      56     536    5.943185
0      0      1      78     622    2.858000
0      0      1      9      627    5.896185
0      0      1      70     685    0.618000
0      0      1      5      805    5.841185
0      0      1      149    650    0.000000
0      0      1      184    606    3.740185
0      0      1      234    563    0.308000
0      0      1      280    549    0.000000
0      0      2      298    500    0.000000
0      0      1      286    604    0.000000
0      0      1      314    635    6.019185
0      0      1      439    593    0.447000
0      0      1      391    625    2.678000
0      0      1      202    679    3.993185
0      0      1      244    653    0.373000
0      0      1      257    718    6.183185
0      0      1      307    736    3.017000
0      0      1      231    793    0.000000
0      0      1      172    839    3.643185
0      0      1      242    903    3.676185
0      0      1      334    832    3.105000
0      0      1      384    755    6.079185
0      0      1      436    752    0.000000
0      0      1      504    617    3.105000
0      0      1      588    568    2.863000
0      0      1      639    551    2.513000
0      0      1      619    623    0.284000
0      0      1      661    650    2.807000
0      0      1      689    600    5.902185
0      0      1      713    574    3.122000
0      0      1      760    549    5.658185
0      0      1      821    540    0.000000
0      0      1      764    613    5.873185
0      0      1      846    592    0.000000
0      0      1      722    664    2.753000
0      0      1      713    706    0.000000
0      0      1      629    693    1.047000
0      0      1      543    762    2.868000
0      0      1      577    699    3.641185
0      0      1      300    924    3.090000
0      0      1      182    1009   2.897000
0      0      1      375    848    0.381000
0      0      1      472    802    0.175000
0      0      1      433    820    0.245000
0      0      1      423    893    5.863185
0      0      1      432    931    0.000000
0      0      1      366    987    3.445185
0      0      1      336    943    6.147185
0      0      2      501    718    0.362000
0      0      1      638    758    0.351000
0      0      1      612    804    0.000000
0      0      1      665    821    0.595000
0      0      1      626    874    5.747185
0      0      1      650    945    3.666185
0      0      1      516    820    6.147185
0      0      1      569    839    3.841185
0      0      1      494    868    5.968185
0      0      1      555    891    0.000000
0      0      1      566    925    2.929000
0      0      1      586    978    2.923000
0      0      1      497    993    5.912185
0      0      1      542    986    3.402185
0      0      1      720    911    5.671185
0      0      1      706    1017   3.583185
0      0      1      661    1020   3.456185
0      0      1      680    876    0.000000
0      0      1      699    763    2.307000
0      0      1      759    793    3.552185
0      0      1      770    846    3.955185
0      0      1      775    886    0.507000
0      0      1      790    934    5.867185
0      0      1      799    672    3.395185
0      0      1      856    643    3.941185
0      0      1      946    633    3.952185
0      0      1      864    684    5.317185
0      0      1      903    695    0.559000
0      0      1      961    693    5.707185
0      0      1      819    708    3.711185
0      0      1      691    808    0.537000
0      0      1      863    779    0.000000
0      0      1      837    766    3.297185
0      0      1      804    782    2.835000
0      0      1      904    752    0.434000
0      0      1      908    798    6.138185
0      0      1      965    730    0.000000
0      0      1      995    763    0.785000
0      0      1      970    822    2.694000
0      0      1      869    831    2.970000
0      0      1      824    877    2.948000
0      0      1      856    899    6.098185
0      0      1      839    965    3.010000
0      0      1      890    893    3.290185
0      0      1      935    871    2.482000
0      0      1      924    921    2.856000
0      0      1      998    881    2.588000
0      0      1      989    948    0.263000
0      0      1      943    967    3.708185
0      0      1      955    1020   5.323185
0      0      1      888    1011   3.829185
0      0      1      566    1020   0.000000
0      0      2      908    6      0.000000
0      0      2      724    6      0.000000
0      0      2      78     305    0.000000
