0      0      2      32     275    0.000000
0      0      2      106    194    0.000000
0      0      2      154    215    0.000000
0      0      2      107    246    0.000000
0      0      2      137    141    0.000000
0      0      2      213    165    0.000000
0      0      2      243    213    0.000000
0      0      2      305    265    0.000000
0      0      2      276    267    0.000000
0      0      2      380    186    0.000000
0      0      2      351    185    0.000000
0      0      2      94     324    0.000000
0      0      2      83     405    0.000000
0      0      2      157    379    0.000000
0      0      2      193    580    0.000000
0      0      2      176    554    0.000000
0      0      2      160    481    0.000000
0      0      2      139    297    0.000000
0      0      2      153    325    0.000000
0      0      2      375    132    0.000000
0      0      2      468    29     0.000000
0      0      2      862    235    0.000000
0      0      2      576    159    0.000000
0      0      2      362    104    0.000000
0      0      2      258    136    0.000000
0      0      2      45     141    0.000000
0      0      2      105    80     2.396000
0      0      2      391    156    0.000000
0      0      2      324    87     0.000000
0      0      2      351    144    0.000000
0      0      2      399    345    0.000000
0      0      2      452    381    0.000000
0      0      2      437    458    0.000000
0      0      2      626    228    0.000000
0      0      2      550    226    0.000000
0      0      2      637    264    0.000000
0      0      2      210    400    0.000000
0      0      2      89     557    0.000000
0      0      2      597    455    0.000000
0      0      2      956    451    0.000000
0      0      2      358    606    0.000000
0      0      2      288    458    0.000000
0      0      2      772    130    0.000000
0      0      2      968    149    0.000000
0      0      2      918    348    0.000000
0      0      2      715    71     0.000000
0      0      2      611    376    0.000000
0      0      2      151    10     0.000000
0      0      2      723    8      0.000000
0      0      2      666    11     0.000000
0      0      2      907    7      0.000000
0      0      1      171    173    2.885000
0      0      1      186    83     3.180185
0      0      1      154    37     5.961185
0      0      1      131    88     3.958185
0      0      1      117    169    2.726000
0      0      1      238    55     2.757000
0      0      1      245    167    5.712185
0      0      1      284    171    6.022185
0      0      1      325    185    3.141185
0      0      1      404    73     0.193000
0      0      1      390    32     0.409000
0      0      1      351    21     6.078185
0      0      1      441    39     6.124185
0      0      1      554    41     2.207000
0      0      1      511    10     2.427000
0      0      1      501    103    0.145000
0      0      1      469    132    2.761000
0      0      1      419    140    5.602185
0      0      1      548    123    0.000000
0      0      1      598    103    2.902000
0      0      1      593    20     0.000000
0      0      1      698    44     0.507000
0      0      1      661    63     0.000000
0      0      1      617    65     5.948185
0      0      1      629    143    3.057000
0      0      2      655    129    0.000000
0      0      1      695    167    0.456000
0      0      1      748    89     5.810185
0      0      1      806    83     6.234185
0      0      1      786    25     0.000000
0      0      1      826    45     2.877000
0      0      1      867    82     2.750000
0      0      1      944    38     5.943185
0      0      1      998    16     0.681000
0      0      1      948    114    2.498000
0      0      1      1011   90     6.144185
0      0      1      857    151    0.384000
0      0      1      882    202    2.967000
0      0      1      908    267    3.227185
0      0      2      898    144    0.000000
0      0      1      410    253    0.136000
0      0      1      468    295    3.868185
0      0      1      565    286    0.000000
0      0      1      627    315    2.892000
0      0      1      580    212    2.537000
0      0      1      737    278    0.109000
0      0      1      741    329    0.212000
0      0      1      796    348    0.588000
0      0      1      346    296    0.483000
0      0      1      277    316    0.427000
0      0      1      205    279    3.261185
0      0      1      152    246    0.000000
0      0      1      168    300    5.927185
0      0      1      94     284    2.944000
0      0      2      76     306    0.000000
0      0      1      36     315    0.464000
0      0      1      20     348    5.762185
0      0      1      8      401    5.740185
0      0      1      191    504    2.979000
0      0      1      283    401    4.092185
0      0      1      279    366    5.707185
0      0      1      230    338    0.757000
0      0      1      190    391    3.300185
0      0      1      255    253    3.708185
0      0      1      337    416    0.000000
0      0      1      545    366    2.751000
0      0      1      589    332    0.675000
0      0      1      670    359    2.370000
0      0      1      628    425    3.972185
0      0      1      727    382    0.000000
0      0      1      693    433    0.666000
0      0      1      139    420    2.559000
0      0      1      676    224    3.834185
0      0      1      844    314    5.887185
0      0      1      945    406    3.585185
0      0      1      1017   388    2.559000
0      0      1      993    514    0.000000
0      0      1      924    473    3.343185
0      0      1      915    507    0.636000
0      0      1      955    582    5.936185
0      0      1      881    540    0.888000
0      0      1      468    341    5.753185
0      0      1      481    406    4.017185
0      0      1      526    505    5.713185
0      0      1      585    579    5.934185
0      0      1      640    553    2.661000
0      0      1      686    517    3.261185
0      0      1      733    505    3.123000
0      0      1      796    457    2.578000
0      0      1      833    453    5.731185
0      0      1      861    411    5.917185
0      0      2      889    366    3.500185
0      0      1      376    385    0.639000
0      0      1      355    460    0.354000
0      0      1      380    478    0.000000
0      0      1      425    415    0.359000
0      0      1      465    461    3.266185
0      0      1      541    425    5.579185
0      0      1      572    473    0.219000
0      0      1      511    449    0.524000
0      0      1      670    461    0.259000
0      0      1      627    494    0.000000
0      0      1      822    544    0.298000
0      0      1      755    559    5.593185
0      0      1      764    612    0.785000
0      0      1      849    596    0.000000
0      0      1      945    629    0.742000
0      0      1      65     466    5.620185
0      0      1      110    463    0.492000
0      0      1      24     472    5.356185
0      0      1      133    524    0.588000
0      0      1      54     544    5.648185
0      0      1      351    540    5.735185
0      0      1      315    474    2.729000
0      0      1      259    481    4.069185
0      0      2      299    503    0.000000
0      0      1      235    566    3.487185
0      0      1      275    550    0.418000
0      0      1      285    599    0.000000
0      0      1      312    640    0.000000
0      0      1      181    608    3.747185
0      0      1      147    650    0.000000
0      0      1      80     627    6.086185
0      0      1      24     573    2.678000
0      0      1      11     634    5.911185
0      0      1      71     690    3.638185
0      0      1      243    651    0.328000
0      0      1      202    680    5.624185
0      0      1      259    715    2.912000
0      0      1      197    749    2.370000
0      0      1      232    795    3.276185
0      0      1      167    845    2.321000
0      0      1      311    740    3.027000
0      0      1      448    605    3.096000
0      0      1      469    536    0.000000
0      0      1      387    627    2.983000
0      0      1      619    615    3.529185
0      0      1      495    629    3.729185
0      0      2      314    563    0.000000
0      0      1      0      821    5.228185
0      0      1      379    759    3.015000
0      0      1      441    754    2.901000
0      0      1      537    757    2.982000
0      0      1      569    709    5.700185
0      0      1      692    720    5.891185
0      0      1      729    667    5.736185
0      0      1      712    570    3.053000
0      0      1      689    607    2.886000
0      0      1      669    654    2.668000
0      0      1      634    688    3.955185
0      0      1      803    673    3.495185
0      0      1      854    647    4.049185
0      0      1      839    757    0.000000
0      0      1      904    693    5.512185
0      0      1      964    687    5.700185
0      0      1      970    729    6.187185
0      0      1      637    757    3.142000
0      0      1      756    797    0.157000
0      0      1      804    793    3.307185
0      0      1      905    755    0.656000
0      0      1      870    780    3.296185
0      0      1      871    685    0.607000
0      0      1      824    703    0.588000
0      0      1      470    804    0.230000
0      0      1      517    822    2.869000
0      0      1      567    838    3.509185
0      0      1      613    810    0.000000
0      0      1      658    818    3.767185
0      0      1      696    763    5.481185
0      0      1      685    805    0.431000
0      0      1      997    755    2.441000
0      0      1      969    823    5.913185
0      0      1      874    836    0.000000
0      0      1      910    799    5.838185
0      0      1      934    876    2.723000
0      0      1      999    880    2.737000
0      0      1      994    945    3.452185
0      0      1      945    962    0.464000
0      0      1      961    1017   3.666185
0      0      1      922    928    2.601000
0      0      1      335    835    3.177185
0      0      1      367    856    0.431000
0      0      1      431    816    0.322000
0      0      1      243    900    5.261185
0      0      1      295    923    6.240185
0      0      1      333    940    2.953000
0      0      1      366    986    3.512185
0      0      1      188    1020   2.614000
0      0      1      421    894    2.846000
0      0      1      427    934    3.250185
0      0      1      496    869    6.028185
0      0      1      556    893    3.205185
0      0      1      647    946    0.563000
0      0      1      718    916    5.929185
0      0      1      767    878    3.704185
0      0      1      788    927    5.811185
0      0      1      768    848    3.989185
0      0      1      823    876    3.020000
0      0      1      836    970    6.103185
0      0      1      858    900    3.286185
0      0      1      893    900    3.350185
0      0      1      565    925    5.967185
0      0      1      622    875    5.679185
0      0      1      670    879    2.516000
0      0      1      585    972    2.916000
0      0      1      500    994    4.257185
0      0      1      540    995    3.354185
0      0      1      699    1017   3.682185
0      0      1      654    1018   3.394185
0      0      2      501    720    0.000000
0      0      1      871    7      3.412185
0      0      2      264    83     0.000000
