0      0      2      191    578    0.000000
0      0      2      173    557    0.000000
0      0      2      160    479    0.000000
0      0      2      90     558    0.000000
0      0      2      84     404    0.000000
0      0      2      48     351    0.000000
0      0      2      94     330    0.000000
0      0      2      31     275    0.000000
0      0      2      105    195    0.000000
0      0      2      151    218    0.000000
0      0      2      303    265    0.000000
0      0      2      276    266    0.000000
0      0      2      380    185    0.000000
0      0      2      347    190    0.000000
0      0      2      211    165    0.000000
0      0      2      243    213    0.000000
0      0      2      155    378    0.000000
0      0      2      136    138    0.000000
0      0      2      48     143    0.000000
0      0      2      104    80     0.000000
0      0      2      573    159    0.000000
0      0      2      862    234    0.000000
0      0      2      139    300    0.000000
0      0      2      153    328    0.000000
0      0      2      468    26     0.000000
0      0      2      376    134    0.000000
0      0      2      907    3      0.000000
0      0      2      652    128    0.000000
0      0      2      258    137    0.000000
0      0      2      260    81     0.000000
0      0      2      363    106    0.000000
0      0      2      391    157    0.000000
0      0      2      665    9      0.000000
0      0      2      723    6      0.000000
0      0      2      715    70     0.000000
0      0      2      772    130    0.000000
0      0      2      969    151    0.000000
0      0      2      626    227    0.000000
0      0      2      637    265    0.000000
0      0      2      351    142    0.000000
0      0      2      400    344    0.000000
0      0      2      451    379    0.000000
0      0      2      435    458    0.000000
0      0      2      292    455    0.000000
0      0      2      80     308    0.000000
0      0      2      104    247    0.000000
0      0      2      153    10     0.000000
0      0      2      917    350    0.000000
0      0      2      957    453    0.000000
0      0      2      357    606    0.000000
0      0      2      207    401    0.000000
0      0      2      889    368    3.488185
0      0      2      609    376    0.000000
0      0      2      593    456    0.000000
0      0      1      156    37     5.906185
0      0      1      137    82     5.712185
0      0      1      189    87     3.235185
0      0      1      236    58     2.810000
0      0      1      130    2      0.000000
0      0      1      353    34     2.944000
0      0      1      392    33     0.367000
0      0      1      441    41     2.947000
0      0      1      408    69     3.323185
0      0      1      471    132    2.737000
0      0      1      503    99     3.371185
0      0      1      505    5      0.538000
0      0      1      549    36     3.816185
0      0      1      591    9      6.221185
0      0      1      788    20     0.189000
0      0      1      827    46     2.772000
0      0      1      945    36     5.970185
0      0      1      952    124    5.558185
0      0      1      1010   92     2.861000
0      0      1      999    17     0.704000
0      0      1      863    84     2.525000
0      0      1      869    1      0.314000
0      0      1      856    150    3.729185
0      0      2      900    146    5.731185
0      0      1      880    201    3.005000
0      0      1      909    265    3.309185
0      0      1      660    66     0.000000
0      0      1      699    42     3.605185
0      0      1      623    70     5.752185
0      0      1      627    145    3.004000
0      0      1      412    136    2.243000
0      0      2      326    88     0.000000
0      0      1      172    166    2.920000
0      0      1      118    170    2.758000
0      0      1      323    188    3.186185
0      0      1      151    246    0.000000
0      0      1      200    293    0.121000
0      0      1      285    172    2.807000
0      0      1      243    168    2.583000
0      0      1      258    251    3.626185
0      0      1      348    294    3.612185
0      0      1      417    254    3.082000
0      0      1      569    277    5.902185
0      0      1      547    377    5.819185
0      0      1      472    293    5.431185
0      0      1      472    341    2.841000
0      0      1      699    168    3.626185
0      0      1      743    92     0.745000
0      0      1      805    89     2.847000
0      0      1      594    97     2.988000
0      0      1      547    121    0.000000
0      0      1      573    206    0.987000
0      0      1      675    226    5.602185
0      0      1      733    278    3.142000
0      0      1      838    311    2.637000
0      0      1      740    327    0.245000
0      0      1      793    352    0.658000
0      0      1      284    318    3.677185
0      0      1      233    339    3.874185
0      0      1      277    365    5.636185
0      0      1      287    398    5.762185
0      0      1      383    383    2.297000
0      0      1      627    314    3.007000
0      0      1      596    340    0.644000
0      0      1      673    357    0.901000
0      0      1      726    385    0.000000
0      0      1      940    404    0.664000
0      0      1      858    402    5.940185
0      0      1      1017   381    0.947000
0      0      1      904    472    3.223185
0      0      1      986    516    2.955000
0      0      1      917    511    0.530000
0      0      1      956    581    5.992185
0      0      1      881    540    5.634185
0      0      1      847    598    0.122000
0      0      1      943    632    3.927185
0      0      1      966    687    5.800185
0      0      1      963    726    6.113185
0      0      1      1004   750    0.851000
0      0      1      969    823    5.911185
0      0      1      998    883    5.971185
0      0      1      994    944    0.100000
0      0      1      956    1015   2.260000
0      0      1      950    965    3.605185
0      0      1      921    926    2.840000
0      0      1      935    871    5.961185
0      0      1      910    806    5.788185
0      0      1      914    752    2.461000
0      0      1      904    698    5.897185
0      0      1      885    673    5.551185
0      0      1      865    639    3.917185
0      0      1      809    667    3.430185
0      0      1      822    705    0.598000
0      0      1      840    761    3.010000
0      0      1      876    769    0.000000
0      0      1      873    838    6.252185
0      0      1      862    896    0.000000
0      0      1      891    889    3.320185
0      0      1      826    873    6.189185
0      0      1      840    973    5.948185
0      0      1      788    934    2.761000
0      0      1      766    883    3.611185
0      0      1      761    845    3.948185
0      0      1      746    799    0.189000
0      0      1      797    803    3.563185
0      0      1      724    917    5.965185
0      0      1      646    950    2.279000
0      0      1      696    1012   3.971185
0      0      1      624    877    2.670000
0      0      1      609    804    6.172185
0      0      1      639    756    3.125000
0      0      1      674    800    3.711185
0      0      1      652    821    5.531185
0      0      1      665    878    5.709185
0      0      1      695    766    5.585185
0      0      1      733    662    3.982185
0      0      1      768    608    5.475185
0      0      1      814    546    3.394185
0      0      1      836    464    2.886000
0      0      1      796    463    2.684000
0      0      1      731    504    0.000000
0      0      1      753    548    5.806185
0      0      1      91     287    2.908000
0      0      1      168    300    2.816000
0      0      1      35     314    0.234000
0      0      1      19     352    5.802185
0      0      1      185    387    6.214185
0      0      1      11     409    5.685185
0      0      1      69     470    5.653185
0      0      1      138    422    5.670185
0      0      1      33     481    5.564185
0      0      1      110    461    0.464000
0      0      1      191    506    3.095000
0      0      1      263    483    5.544185
0      0      1      335    412    6.042185
0      0      1      425    426    3.646185
0      0      1      473    411    2.611000
0      0      1      539    424    5.793185
0      0      1      572    481    3.333185
0      0      1      513    452    0.477000
0      0      1      470    464    3.268185
0      0      1      693    434    3.714185
0      0      1      626    425    3.963185
0      0      1      668    462    3.363185
0      0      1      628    491    0.185000
0      0      1      686    516    0.204000
0      0      1      640    554    5.732185
0      0      1      690    618    2.811000
0      0      1      709    572    3.126000
0      0      1      376    487    3.188185
0      0      1      357    458    3.544185
0      0      1      466    543    0.132000
0      0      1      525    506    2.464000
0      0      1      582    578    2.897000
0      0      1      456    616    5.781185
0      0      1      504    650    6.191185
0      0      1      620    618    0.298000
0      0      1      344    545    2.779000
0      0      1      316    474    2.921000
0      0      1      136    527    3.458185
0      0      1      20     569    5.707185
0      0      1      13     635    5.882185
0      0      1      75     691    3.708185
0      0      1      79     626    2.900000
0      0      1      54     544    5.522185
0      0      1      150    652    3.043000
0      0      1      185    612    3.883185
0      0      1      234    563    3.336185
0      0      1      272    555    0.514000
0      0      1      294    599    0.124000
0      0      1      313    640    3.243185
0      0      1      250    649    0.490000
0      0      1      204    681    2.433000
0      0      1      256    719    2.912000
0      0      1      193    750    5.550185
0      0      1      233    795    0.100000
0      0      1      163    850    5.488185
0      0      1      310    735    3.049000
0      0      1      336    829    0.000000
0      0      1      381    749    2.849000
0      0      1      383    631    0.000000
0      0      2      503    720    3.546185
0      0      1      441    751    0.000000
0      0      1      578    710    5.764185
0      0      1      664    663    2.717000
0      0      1      632    690    3.800185
0      0      1      538    765    6.052185
0      0      1      473    809    3.390185
0      0      1      437    816    0.317000
0      0      1      373    851    0.475000
0      0      1      495    863    6.086185
0      0      1      428    893    6.088185
0      0      1      437    934    0.100000
0      0      1      242    903    0.592000
0      0      1      298    929    6.250185
0      0      1      333    938    6.103185
0      0      1      366    991    0.287000
0      0      1      187    1012   2.693000
0      0      1      518    824    2.907000
0      0      1      567    839    0.521000
0      0      1      551    890    0.000000
0      0      1      569    924    5.994185
0      0      1      500    989    5.832185
0      0      1      542    992    3.516185
0      0      1      588    979    2.897000
0      0      1      562    1017   3.349185
0      0      1      684    717    5.814185
0      0      2      551    226    0.000000
0      0      2      311    563    0.000000
0      0      2      298    501    0.000000
