0      0      2      82     404    0.000000
0      0      2      93     326    0.000000
0      0      2      31     275    0.000000
0      0      2      104    246    0.000000
0      0      2      152    218    0.000000
0      0      2      245    215    0.000000
0      0      2      213    163    0.000000
0      0      2      106    194    0.000000
0      0      2      138    138    0.000000
0      0      2      305    264    0.000000
0      0      2      273    267    0.000000
0      0      2      161    481    0.000000
0      0      2      153    380    0.000000
0      0      2      139    300    0.000000
0      0      2      176    555    0.000000
0      0      2      193    581    0.000000
0      0      2      380    187    0.000000
0      0      2      345    186    0.000000
0      0      2      470    27     0.000000
0      0      2      574    157    0.000000
0      0      2      651    128    0.000000
0      0      2      108    82     0.000000
0      0      2      862    236    0.000000
0      0      2      46     140    0.000000
0      0      2      257    136    0.000000
0      0      2      261    81     0.000000
0      0      2      151    10     0.000000
0      0      2      667    11     0.000000
0      0      2      905    2      0.000000
0      0      2      362    105    0.000000
0      0      2      391    154    0.000000
0      0      2      350    143    0.000000
0      0      2      401    345    0.000000
0      0      2      452    379    0.000000
0      0      2      437    458    0.000000
0      0      2      291    454    0.000000
0      0      2      637    264    0.000000
0      0      2      968    150    0.000000
0      0      2      772    128    0.000000
0      0      2      717    71     0.000000
0      0      2      207    400    0.000000
0      0      2      89     555    0.000000
0      0      2      356    605    0.000000
0      0      2      593    455    0.000000
0      0      2      917    348    0.000000
0      0      2      625    228    0.000000
0      0      2      955    449    0.000000
0      0      2      608    374    0.000000
0      0      2      726    9      0.000000
0      0      2      551    225    0.000000
0      0      1      155    35     5.928185
0      0      1      191    88     3.404185
0      0      1      144    80     5.690185
0      0      1      234    58     2.936000
0      0      1      410    70     0.359000
0      0      1      354    38     6.063185
0      0      1      389    37     0.344000
0      0      1      443    43     6.214185
0      0      1      466    133    2.678000
0      0      1      502    100    3.399185
0      0      1      552    123    0.121000
0      0      1      593    95     3.027000
0      0      1      504    6      5.695185
0      0      1      549    36     0.752000
0      0      1      593    11     0.000000
0      0      1      661    66     0.000000
0      0      1      703    44     0.403000
0      0      1      786    18     0.241000
0      0      1      745    99     3.868185
0      0      1      804    80     2.916000
0      0      1      671    220    2.562000
0      0      1      702    170    2.123000
0      0      1      858    83     4.072185
0      0      1      826    46     5.918185
0      0      1      417    258    6.130185
0      0      1      573    272    5.920185
0      0      1      570    206    2.578000
0      0      1      625    149    3.038000
0      0      1      621    66     2.801000
0      0      2      327    91     2.526000
0      0      1      169    162    2.941000
0      0      1      119    172    5.919185
0      0      1      407    133    3.927185
0      0      1      857    149    0.346000
0      0      1      863    1      4.988185
0      0      1      950    124    5.588185
0      0      1      945    35     5.993185
0      0      1      1011   88     2.985000
0      0      1      1004   26     0.625000
0      0      1      882    205    2.991000
0      0      1      909    270    3.255185
0      0      1      734    280    0.087000
0      0      1      324    188    3.040000
0      0      1      282    176    5.966185
0      0      1      245    166    5.703185
0      0      1      256    254    3.719185
0      0      1      151    244    0.225000
0      0      1      165    299    2.969000
0      0      1      202    297    3.514185
0      0      1      83     286    6.136185
0      0      2      80     307    0.000000
0      0      1      17     568    5.843185
0      0      1      17     355    5.862185
0      0      1      32     310    0.322000
0      0      1      6      408    5.432185
0      0      1      65     469    2.537000
0      0      1      34     477    2.583000
0      0      1      113    458    0.498000
0      0      1      135    420    0.849000
0      0      1      182    395    2.837000
0      0      1      234    338    0.785000
0      0      1      287    320    0.632000
0      0      1      343    296    3.676185
0      0      1      475    293    0.705000
0      0      1      478    347    2.900000
0      0      1      556    390    2.685000
0      0      1      630    313    6.063185
0      0      1      604    344    3.792185
0      0      1      738    327    0.266000
0      0      1      789    355    5.646185
0      0      1      839    304    2.715000
0      0      2      900    145    0.000000
0      0      2      890    367    0.372000
0      0      1      49     541    3.952185
0      0      1      78     619    2.934000
0      0      1      9      635    5.819185
0      0      1      75     694    0.560000
0      0      1      150    651    0.000000
0      0      1      133    528    3.350185
0      0      1      191    511    3.000000
0      0      1      268    486    0.646000
0      0      1      317    473    0.000000
0      0      1      289    404    5.599185
0      0      1      277    370    2.570000
0      0      1      329    418    5.961185
0      0      1      379    382    0.732000
0      0      1      355    458    0.337000
0      0      1      376    491    3.301185
0      0      1      348    542    5.919185
0      0      1      454    531    0.000000
0      0      1      422    420    0.606000
0      0      1      475    412    6.022185
0      0      1      538    425    2.749000
0      0      1      674    356    0.983000
0      0      1      725    384    2.979000
0      0      1      625    424    0.614000
0      0      1      696    435    0.519000
0      0      1      667    463    3.292185
0      0      1      635    494    3.325185
0      0      1      572    475    3.209185
0      0      1      507    454    0.615000
0      0      1      470    460    0.349000
0      0      1      527    511    4.079185
0      0      1      577    581    6.137185
0      0      2      313    563    0.000000
0      0      1      226    554    3.482185
0      0      1      275    556    3.655185
0      0      1      180    608    3.635185
0      0      1      248    646    2.481000
0      0      1      203    677    5.642185
0      0      1      312    640    3.530185
0      0      1      301    598    0.224000
0      0      1      388    631    0.000000
0      0      1      468    610    0.451000
0      0      1      502    666    3.740185
0      0      1      620    620    3.365185
0      0      1      641    554    1.045000
0      0      1      684    509    0.220000
0      0      1      733    499    6.231185
0      0      1      709    577    3.028000
0      0      1      758    546    2.733000
0      0      1      939    402    0.785000
0      0      1      864    400    5.773185
0      0      1      836    463    6.219185
0      0      1      795    467    2.636000
0      0      1      900    467    0.000000
0      0      1      882    541    2.498000
0      0      1      811    545    0.000000
0      0      1      852    597    3.215185
0      0      1      915    507    3.799185
0      0      1      954    582    6.052185
0      0      1      988    515    6.149185
0      0      1      767    606    2.439000
0      0      1      308    737    3.040000
0      0      1      256    724    3.022000
0      0      1      376    755    2.911000
0      0      1      156    852    5.486185
0      0      1      194    752    3.999185
0      0      1      232    797    0.000000
0      0      1      239    903    3.770185
0      0      1      297    927    2.880000
0      0      1      336    832    3.159185
0      0      1      374    853    3.490185
0      0      1      334    942    3.064000
0      0      1      431    890    2.982000
0      0      1      445    934    0.109000
0      0      1      362    990    3.528185
0      0      1      182    1010   5.747185
0      0      1      443    751    0.046000
0      0      1      636    691    0.604000
0      0      1      686    620    5.672185
0      0      1      667    667    6.033185
0      0      1      740    660    0.675000
0      0      1      806    656    3.622185
0      0      1      818    701    5.617185
0      0      1      862    640    5.458185
0      0      1      884    679    3.887185
0      0      1      579    710    2.567000
0      0      1      537    761    0.000000
0      0      1      612    807    2.937000
0      0      1      630    757    0.136000
0      0      1      684    727    0.000000
0      0      1      702    769    3.873185
0      0      1      753    794    0.136000
0      0      1      944    633    2.356000
0      0      1      963    685    5.836185
0      0      1      893    707    2.820000
0      0      1      840    767    6.183185
0      0      1      875    771    0.000000
0      0      1      916    757    0.000000
0      0      1      965    723    6.166185
0      0      1      1014   741    2.331000
0      0      1      970    816    6.002185
0      0      1      934    874    5.899185
0      0      1      1002   883    2.622000
0      0      1      997    944    0.000000
0      0      1      958    957    0.435000
0      0      1      840    971    5.926185
0      0      1      827    881    2.906000
0      0      1      861    895    0.000000
0      0      1      892    891    3.342185
0      0      1      915    927    6.005185
0      0      1      915    809    5.792185
0      0      1      867    838    0.000000
0      0      1      799    809    3.785185
0      0      1      758    842    5.484185
0      0      1      769    881    0.398000
0      0      1      796    936    6.241185
0      0      1      720    914    5.716185
0      0      1      652    829    5.474185
0      0      1      670    809    0.592000
0      0      1      572    838    3.758185
0      0      1      476    805    0.305000
0      0      1      433    817    0.322000
0      0      2      499    722    0.464000
0      0      1      498    860    6.108185
0      0      1      517    822    2.979000
0      0      1      553    885    0.162000
0      0      1      576    928    5.920185
0      0      1      649    947    5.672185
0      0      1      623    875    5.639185
0      0      1      668    879    5.574185
0      0      1      499    990    2.797000
0      0      1      539    1001   3.502185
0      0      1      585    969    0.000000
0      0      1      703    1008   5.465185
0      0      1      660    1023   3.844185
0      0      1      957    1014   5.553185
0      0      1      1014   377    0.964000
