0      0      2      108    84     0.000000
0      0      2      45     142    0.000000
0      0      2      32     275    0.000000
0      0      2      82     404    0.000000
0      0      2      95     327    0.000000
0      0      2      306    265    0.000000
0      0      2      277    266    0.000000
0      0      2      245    215    0.000000
0      0      2      105    195    0.000000
0      0      2      105    247    0.000000
0      0      2      381    188    0.000000
0      0      2      575    159    0.000000
0      0      2      137    138    0.000000
0      0      2      176    555    0.000000
0      0      2      192    582    0.000000
0      0      2      861    235    0.000000
0      0      2      212    165    0.000000
0      0      2      140    301    0.000000
0      0      2      152    219    0.000000
0      0      2      259    139    0.000000
0      0      2      474    29     0.000000
0      0      2      904    4      0.000000
0      0      2      347    188    0.000000
0      0      2      151    9      0.000000
0      0      2      362    105    0.000000
0      0      2      391    155    0.000000
0      0      2      371    135    0.000000
0      0      2      259    79     0.000000
0      0      2      294    455    0.000000
0      0      2      400    346    0.000000
0      0      2      452    378    0.000000
0      0      2      436    458    0.000000
0      0      2      593    454    0.000000
0      0      2      311    562    0.000000
0      0      2      88     555    0.000000
0      0      2      356    606    0.000000
0      0      2      208    402    0.000000
0      0      2      637    266    0.000000
0      0      2      627    227    0.000000
0      0      2      772    130    0.000000
0      0      2      718    70     0.000000
0      0      2      351    142    0.000000
0      0      2      324    96     0.000000
0      0      2      804    87     0.000000
0      0      2      969    149    0.000000
0      0      2      918    348    0.000000
0      0      2      956    451    0.000000
0      0      2      497    726    0.000000
0      0      2      161    481    0.000000
0      0      2      151    382    0.682000
0      0      2      552    226    0.000000
0      0      2      652    128    0.000000
0      0      1      158    33     5.890185
0      0      1      148    78     4.069185
0      0      1      195    93     3.383185
0      0      1      234    49     5.928185
0      0      1      130    2      0.000000
0      0      1      356    41     2.869000
0      0      1      393    40     3.554185
0      0      1      414    66     0.449000
0      0      1      450    36     0.150000
0      0      1      467    127    5.819185
0      0      1      501    99     0.092000
0      0      1      552    119    0.266000
0      0      1      551    35     0.700000
0      0      1      592    16     0.000000
0      0      1      622    67     5.902185
0      0      1      660    72     2.987000
0      0      1      699    48     3.589185
0      0      1      629    151    6.097185
0      0      1      595    94     2.944000
0      0      1      737    110    5.586185
0      0      1      700    171    2.538000
0      0      1      503    6      2.398000
0      0      1      783    25     0.271000
0      0      1      945    39     5.848185
0      0      1      1003   20     0.951000
0      0      1      1010   92     6.130185
0      0      1      949    123    5.558185
0      0      1      864    80     2.266000
0      0      1      829    49     2.842000
0      0      1      859    151    3.612185
0      0      2      898    144    5.760185
0      0      1      882    203    3.065000
0      0      1      911    267    3.173185
0      0      1      845    300    0.000000
0      0      1      862    400    2.593000
0      0      1      942    400    0.774000
0      0      1      1013   376    0.741000
0      0      1      989    517    0.000000
0      0      1      894    468    0.000000
0      0      1      912    505    0.665000
0      0      1      955    582    2.969000
0      0      1      884    539    5.675185
0      0      1      834    463    0.000000
0      0      1      797    470    5.819185
0      0      1      823    551    3.512185
0      0      1      783    349    2.424000
0      0      1      736    326    0.391000
0      0      1      735    280    3.142000
0      0      1      674    214    2.583000
0      0      1      568    205    2.472000
0      0      1      583    271    2.820000
0      0      1      630    317    2.935000
0      0      1      669    360    4.010185
0      0      1      724    389    6.141185
0      0      1      695    437    5.403185
0      0      1      607    352    0.580000
0      0      1      626    423    2.322000
0      0      1      668    465    0.339000
0      0      1      730    504    3.183185
0      0      1      755    547    2.700000
0      0      1      410    131    0.464000
0      0      1      323    187    3.010000
0      0      1      284    178    5.888185
0      0      1      244    167    5.800185
0      0      1      253    255    3.765185
0      0      1      172    170    2.900000
0      0      1      120    173    2.878000
0      0      1      153    244    0.269000
0      0      1      166    304    3.027000
0      0      1      201    303    3.586185
0      0      1      233    341    0.748000
0      0      1      293    322    2.287000
0      0      1      344    297    3.629185
0      0      1      419    261    6.016185
0      0      1      470    294    0.634000
0      0      1      477    347    5.567185
0      0      1      89     288    6.009185
0      0      1      29     307    0.510000
0      0      1      19     355    6.017185
0      0      1      131    417    5.405185
0      0      1      178    392    0.987000
0      0      1      271    373    5.786185
0      0      1      292    398    5.597185
0      0      1      384    387    3.605185
0      0      1      327    415    2.665000
0      0      1      357    460    0.295000
0      0      1      419    424    0.481000
0      0      1      558    391    2.614000
0      0      1      6      410    5.370185
0      0      1      196    512    5.994185
0      0      1      263    486    0.592000
0      0      1      323    478    0.366000
0      0      1      476    413    0.253000
0      0      1      466    463    0.217000
0      0      1      866    0      0.411000
0      0      2      888    368    0.329000
0      0      1      539    427    2.708000
0      0      1      574    484    3.054000
0      0      1      514    460    0.754000
0      0      1      525    506    3.954185
0      0      1      441    539    3.034000
0      0      1      476    597    3.288185
0      0      1      576    581    2.982000
0      0      1      632    493    0.355000
0      0      1      682    514    0.219000
0      0      1      707    565    2.989000
0      0      1      639    549    2.356000
0      0      1      119    460    3.582185
0      0      1      68     474    2.403000
0      0      1      850    598    6.209185
0      0      1      689    624    5.888185
0      0      1      762    607    2.692000
0      0      1      813    654    3.555185
0      0      1      738    664    0.355000
0      0      1      623    614    0.302000
0      0      1      671    667    2.771000
0      0      1      637    689    0.497000
0      0      1      862    638    5.387185
0      0      1      822    700    3.894185
0      0      1      941    630    0.855000
0      0      1      898    673    3.938185
0      0      1      965    686    5.891185
0      0      1      965    726    6.107185
0      0      1      893    708    2.882000
0      0      1      909    751    0.278000
0      0      1      843    762    3.032000
0      0      1      875    768    2.989000
0      0      1      668    734    6.124185
0      0      1      584    711    2.678000
0      0      1      495    678    0.677000
0      0      1      395    635    6.252185
0      0      1      315    640    0.194000
0      0      1      305    596    0.206000
0      0      1      277    550    3.682185
0      0      1      376    495    3.296185
0      0      1      348    543    2.810000
0      0      1      233    559    3.538185
0      0      1      249    649    2.779000
0      0      1      186    612    0.504000
0      0      1      150    652    3.076000
0      0      1      138    532    3.027000
0      0      1      78     623    6.005185
0      0      1      72     691    3.649185
0      0      1      19     569    5.900185
0      0      1      46     542    3.897185
0      0      1      39     484    2.419000
0      0      1      13     641    5.740185
0      0      1      438    753    0.245000
0      0      1      538    758    3.111000
0      0      1      369    756    3.068000
0      0      1      310    740    6.203185
0      0      1      256    724    6.239185
0      0      1      203    678    5.716185
0      0      1      194    753    5.642185
0      0      1      232    795    3.237185
0      0      1      154    859    3.897185
0      0      1      245    900    3.729185
0      0      1      334    835    0.000000
0      0      1      188    1021   5.928185
0      0      1      298    925    2.884000
0      0      1      477    809    3.323185
0      0      1      431    893    6.203185
0      0      1      446    933    0.087000
0      0      1      375    852    3.514185
0      0      1      429    823    3.243185
0      0      1      335    944    2.994000
0      0      1      366    991    3.555185
0      0      1      752    796    0.096000
0      0      1      802    800    0.536000
0      0      1      698    769    2.268000
0      0      1      637    765    2.991000
0      0      1      670    808    0.644000
0      0      1      649    824    3.846185
0      0      1      606    808    6.068185
0      0      1      760    843    5.476185
0      0      1      499    869    6.091185
0      0      1      516    825    2.929000
0      0      1      553    889    0.000000
0      0      1      574    930    5.651185
0      0      1      623    878    0.907000
0      0      1      565    840    3.752185
0      0      1      910    806    5.950185
0      0      1      968    823    5.839185
0      0      1      1005   881    1.216000
0      0      1      995    946    3.380185
0      0      1      953    962    0.532000
0      0      1      952    1020   3.848185
0      0      1      914    930    2.831000
0      0      1      930    871    5.961185
0      0      1      873    837    3.158185
0      0      1      891    893    0.173000
0      0      1      860    900    6.228185
0      0      1      820    877    2.820000
0      0      1      837    966    2.875000
0      0      1      801    926    0.057000
0      0      1      755    879    3.742185
0      0      1      723    915    5.726185
0      0      1      668    878    2.482000
0      0      1      649    948    3.807185
0      0      1      702    1014   3.864185
0      0      1      590    977    0.000000
0      0      1      494    990    5.961185
0      0      1      538    997    3.558185
0      0      1      563    1012   0.000000
0      0      2      667    10     0.000000
0      0      2      724    9      0.000000
