0      0      2      46     141    0.000000
0      0      2      31     275    0.000000
0      0      2      107    196    0.000000
0      0      2      138    137    0.000000
0      0      2      150    221    0.000000
0      0      2      139    299    0.000000
0      0      2      36     382    0.000000
0      0      2      20     405    0.000000
0      0      2      82     403    0.000000
0      0      2      175    556    0.000000
0      0      2      192    580    0.000000
0      0      2      88     559    0.000000
0      0      2      296    500    0.000000
0      0      2      306    266    0.000000
0      0      2      275    265    0.000000
0      0      2      258    136    0.000000
0      0      2      211    165    0.000000
0      0      2      363    106    0.000000
0      0      2      380    186    0.000000
0      0      2      637    265    0.000000
0      0      2      665    5      0.000000
0      0      2      153    7      0.000000
0      0      2      392    153    6.166185
0      0      2      452    377    0.588000
0      0      2      293    454    6.228185
0      0      2      361    611    5.755185
0      0      2      437    457    0.000000
0      0      2      598    451    0.000000
0      0      2      917    348    0.000000
0      0      2      952    448    0.000000
0      0      2      398    345    0.000000
0      0      2      966    151    0.000000
0      0      2      863    235    0.000000
0      0      2      244    213    0.000000
0      0      2      107    81     0.000000
0      0      2      717    71     5.463185
0      0      2      772    129    0.245000
0      0      2      612    375    0.000000
0      0      1      865    17     0.363000
0      0      2      469    27     0.000000
0      0      2      154    383    0.000000
0      0      2      155    327    0.000000
0      0      2      572    158    0.000000
0      0      2      654    130    0.000000
0      0      1      56     744    5.874185
0      0      1      74     690    3.740185
0      0      1      79     621    2.815000
0      0      1      153    649    3.383185
0      0      1      131    580    0.526000
0      0      1      201    669    3.850185
0      0      1      190    750    6.045185
0      0      1      184    804    5.922185
0      0      1      238    795    0.000000
0      0      1      256    714    3.125000
0      0      1      309    741    6.238185
0      0      1      381    759    3.060000
0      0      1      337    832    3.108000
0      0      1      422    784    0.843000
0      0      2      498    723    3.597185
0      0      1      575    693    2.989000
0      0      1      551    743    2.915000
0      0      1      463    810    0.308000
0      0      1      598    624    6.077185
0      0      1      636    658    6.021185
0      0      1      631    723    5.780185
0      0      1      619    807    2.727000
0      0      1      375    857    3.321185
0      0      1      243    900    3.657185
0      0      1      296    916    6.172185
0      0      1      96     987    6.038185
0      0      1      332    937    3.099000
0      0      1      367    989    3.516185
0      0      1      422    932    5.971185
0      0      1      405    904    6.168185
0      0      1      440    865    5.695185
0      0      1      551    936    0.000000
0      0      1      558    898    3.530185
0      0      1      519    995    2.769000
0      0      1      97     14     2.398000
0      0      1      139    40     2.932000
0      0      1      109    103    2.849000
0      0      1      80     171    0.178000
0      0      1      117    159    2.739000
0      0      1      109    238    0.237000
0      0      1      95     280    6.079185
0      0      1      92     339    0.322000
0      0      1      35     346    5.615185
0      0      1      182    211    3.590185
0      0      1      208    240    3.710185
0      0      1      245    165    5.734185
0      0      2      336    80     3.355185
0      0      1      389    35     0.261000
0      0      1      398    93     0.427000
0      0      1      325    185    0.000000
0      0      1      283    172    6.070185
0      0      1      261    250    0.464000
0      0      1      212    296    3.568185
0      0      1      296    333    3.635185
0      0      1      344    289    0.644000
0      0      1      353    145    5.808185
0      0      1      466    145    0.492000
0      0      1      516    92     3.734185
0      0      1      539    131    5.774185
0      0      1      439    67     6.171185
0      0      1      467    73     3.066000
0      0      1      232    338    0.537000
0      0      1      273    404    6.092185
0      0      1      187    387    2.950000
0      0      1      230    500    2.989000
0      0      1      222    578    0.000000
0      0      1      110    442    2.385000
0      0      1      150    423    0.700000
0      0      1      355    451    3.590185
0      0      1      347    520    3.429185
0      0      1      377    542    3.720185
0      0      1      439    546    2.996000
0      0      1      419    629    0.000000
0      0      1      328    598    3.123000
0      0      1      538    522    3.141185
0      0      1      180    490    0.064000
0      0      1      128    508    3.364185
0      0      1      69     528    0.000000
0      0      1      82     466    0.670000
0      0      1      23     428    3.476185
0      0      1      18     493    5.754185
0      0      1      14     558    0.588000
0      0      1      11     642    5.755185
0      0      1      283    540    0.332000
0      0      1      278    646    3.776185
0      0      1      281    600    0.405000
0      0      1      315    446    6.092185
0      0      1      349    371    2.415000
0      0      1      457    285    3.463185
0      0      1      419    215    3.374185
0      0      1      479    211    6.252185
0      0      1      486    263    5.543185
0      0      2      553    228    5.751185
0      0      1      593    245    6.055185
0      0      1      679    232    6.003185
0      0      1      727    259    6.157185
0      0      2      626    228    3.420185
0      0      1      558    280    5.425185
0      0      1      603    324    3.830185
0      0      1      515    345    2.799000
0      0      1      475    346    5.956185
0      0      1      392    413    2.944000
0      0      1      424    399    5.870185
0      0      1      476    404    5.731185
0      0      1      506    446    0.372000
0      0      1      545    422    2.715000
0      0      1      465    471    3.211185
0      0      1      417    478    0.573000
0      0      1      507    488    2.912000
0      0      1      495    573    3.184185
0      0      1      173    300    2.969000
0      0      2      77     309    0.000000
0      0      1      748    331    0.499000
0      0      1      690    345    0.000000
0      0      1      727    382    0.101000
0      0      1      630    408    2.893000
0      0      1      575    457    0.335000
0      0      1      691    429    0.633000
0      0      1      649    453    0.742000
0      0      1      601    509    5.980185
0      0      1      630    553    6.251185
0      0      1      685    523    3.332185
0      0      1      726    505    3.266185
0      0      1      766    491    3.278185
0      0      1      806    510    0.142000
0      0      1      876    528    0.262000
0      0      1      729    556    2.777000
0      0      1      660    612    0.000000
0      0      1      739    602    0.000000
0      0      1      783    577    3.238185
0      0      1      823    608    0.664000
0      0      1      767    649    0.180000
0      0      1      692    655    3.235185
0      0      1      236    59     2.723000
0      0      2      264    83     0.000000
0      0      1      611    86     3.574185
0      0      1      637    160    5.800185
0      0      1      598    165    3.033000
0      0      1      657    67     5.971185
0      0      1      695    48     3.613185
0      0      1      782    74     2.909000
0      0      1      827    113    3.304185
0      0      1      730    146    2.730000
0      0      1      772    3      2.507000
0      0      1      596    15     0.048000
0      0      2      724    6      0.136000
0      0      1      505    25     5.946185
0      0      1      843    44     6.047185
0      0      1      874    92     3.850185
0      0      1      946    38     5.796185
0      0      1      958    107    3.696185
0      0      2      903    4      0.000000
0      0      1      899    145    5.709185
0      0      1      849    179    0.280000
0      0      1      893    202    0.000000
0      0      1      986    16     5.639185
0      0      1      848    313    6.038185
0      0      1      1020   72     0.000000
0      0      1      904    268    0.436000
0      0      1      841    400    2.947000
0      0      2      891    372    0.303000
0      0      1      878    464    3.281185
0      0      1      943    394    0.130000
0      0      1      1006   400    0.265000
0      0      1      926    503    5.648185
0      0      1      976    476    2.727000
0      0      1      999    513    2.909000
0      0      1      954    582    6.017185
0      0      1      947    633    0.785000
0      0      1      957    681    6.055185
0      0      1      512    819    0.000000
0      0      1      499    867    0.396000
0      0      1      690    766    0.298000
0      0      1      641    887    6.012185
0      0      1      566    846    5.474185
0      0      1      688    857    3.415185
0      0      1      697    821    3.405185
0      0      1      655    945    3.529185
0      0      1      611    945    5.828185
0      0      1      591    990    6.200185
0      0      1      554    988    3.301185
0      0      1      705    922    6.038185
0      0      1      741    895    2.772000
0      0      1      742    710    3.612185
0      0      1      867    722    3.536185
0      0      1      842    666    3.161185
0      0      1      871    619    0.000000
0      0      1      908    676    2.554000
0      0      1      847    775    2.908000
0      0      1      782    754    3.295185
0      0      1      815    701    0.000000
0      0      1      784    707    3.375185
0      0      2      873    664    2.991000
0      0      1      962    726    0.245000
0      0      1      940    768    2.537000
0      0      1      880    791    3.274185
0      0      1      755    793    3.026000
0      0      1      791    826    0.000000
0      0      1      771    859    0.341000
0      0      1      830    885    2.880000
0      0      1      861    897    0.000000
0      0      1      894    884    0.034000
0      0      1      861    843    0.000000
0      0      1      913    811    0.000000
0      0      1      956    833    2.614000
0      0      1      995    807    0.207000
0      0      1      934    880    6.135185
0      0      1      1006   880    2.845000
0      0      1      990    945    3.317185
0      0      1      943    962    3.528185
0      0      1      879    992    5.740185
0      0      1      955    1017   0.570000
0      0      1      702    1015   3.719185
0      0      1      849    1016   2.610000
0      0      1      649    1014   2.831000
0      0      2      155    483    0.000000
0      0      2      310    560    2.719000
0      0      1      890    402    0.431000
0      0      1      1022   441    0.000000
0      0      2      211    405    0.000000
