0      0      2      108    85     0.000000
0      0      2      47     143    0.000000
0      0      2      104    194    0.000000
0      0      2      105    246    0.000000
0      0      2      33     275    0.000000
0      0      2      96     326    0.000000
0      0      2      139    298    0.000000
0      0      2      83     404    0.000000
0      0      2      176    556    0.000000
0      0      2      192    580    0.000000
0      0      2      306    267    0.000000
0      0      2      275    264    0.000000
0      0      2      244    214    0.000000
0      0      2      212    163    0.000000
0      0      2      379    189    0.000000
0      0      2      151    216    0.000000
0      0      2      575    157    0.000000
0      0      2      649    129    0.000000
0      0      2      163    481    0.000000
0      0      2      87     557    0.000000
0      0      2      470    30     0.000000
0      0      2      138    138    0.000000
0      0      2      348    185    0.000000
0      0      2      255    136    0.000000
0      0      2      361    105    0.000000
0      0      2      391    153    0.000000
0      0      2      552    227    0.000000
0      0      2      397    346    0.000000
0      0      2      451    379    0.000000
0      0      2      436    457    0.000000
0      0      2      593    455    0.000000
0      0      2      637    264    0.000000
0      0      2      259    83     0.000000
0      0      2      314    559    0.000000
0      0      2      358    607    0.000000
0      0      2      500    721    0.000000
0      0      2      956    452    0.000000
0      0      2      918    347    0.000000
0      0      2      773    130    0.000000
0      0      2      716    71     0.000000
0      0      2      802    85     0.000000
0      0      2      969    151    0.000000
0      0      2      626    228    0.000000
0      0      2      320    97     0.000000
0      0      2      351    144    0.000000
0      0      2      295    455    0.000000
0      0      2      665    7      0.000000
0      0      2      904    6      0.000000
0      0      2      723    5      0.000000
0      0      1      77     621    2.930000
0      0      1      71     689    0.615000
0      0      1      148    653    3.108000
0      0      1      139    534    6.009185
0      0      1      65     477    2.383000
0      0      1      120    464    3.573185
0      0      1      170    166    2.912000
0      0      1      195    87     3.453185
0      0      1      152    79     2.554000
0      0      1      159    34     5.888185
0      0      1      229    42     5.762185
0      0      1      355    54     6.015185
0      0      1      391    42     0.337000
0      0      1      412    69     3.354185
0      0      1      444    40     0.000000
0      0      1      506    2      0.675000
0      0      1      550    36     0.661000
0      0      1      591    20     6.095185
0      0      1      621    68     5.905185
0      0      1      660    64     2.974000
0      0      1      702    42     0.409000
0      0      1      783    28     0.322000
0      0      1      859    91     2.437000
0      0      2      863    238    0.000000
0      0      1      282    178    5.892185
0      0      1      323    189    2.953000
0      0      1      409    127    0.296000
0      0      1      465    127    5.764185
0      0      1      501    95     0.236000
0      0      1      550    119    0.254000
0      0      1      591    93     2.956000
0      0      1      629    157    2.988000
0      0      1      700    171    2.593000
0      0      1      733    114    0.832000
0      0      1      244    169    2.656000
0      0      1      123    179    6.060185
0      0      1      582    271    5.956185
0      0      1      674    204    2.574000
0      0      1      741    282    0.000000
0      0      1      830    50     3.099000
0      0      1      945    35     5.916185
0      0      1      858    150    3.704185
0      0      1      951    125    5.486185
0      0      1      1013   91     2.989000
0      0      1      1011   23     5.392185
0      0      1      560    194    3.955185
0      0      1      257    252    3.619185
0      0      1      346    296    3.695185
0      0      1      424    261    2.897000
0      0      1      473    293    0.650000
0      0      1      633    324    6.038185
0      0      1      734    325    0.100000
0      0      1      678    356    0.738000
0      0      1      855    306    0.252000
0      0      1      884    204    0.000000
0      0      1      910    271    3.304185
0      0      1      196    307    0.295000
0      0      1      292    329    2.159000
0      0      1      157    251    5.331185
0      0      1      610    354    0.649000
0      0      1      565    402    5.812185
0      0      1      689    432    3.511185
0      0      1      724    385    5.920185
0      0      1      776    356    4.141185
0      0      1      382    383    0.567000
0      0      1      422    426    2.318000
0      0      1      483    416    5.108185
0      0      1      475    346    5.734185
0      0      1      260    381    2.498000
0      0      1      232    340    5.498185
0      0      1      165    305    2.962000
0      0      1      84     288    6.171185
0      0      1      538    425    6.069185
0      0      1      575    489    3.025000
0      0      1      467    466    0.270000
0      0      1      512    461    0.697000
0      0      1      524    514    0.464000
0      0      1      626    423    5.559185
0      0      1      865    396    5.781185
0      0      1      936    407    3.964185
0      0      1      1012   382    0.983000
0      0      1      832    468    3.281185
0      0      1      793    470    2.761000
0      0      1      894    464    5.961185
0      0      1      912    506    0.554000
0      0      1      990    512    2.859000
0      0      1      952    578    2.971000
0      0      1      884    538    5.615185
0      0      1      807    556    0.000000
0      0      1      749    544    5.992185
0      0      1      763    608    2.797000
0      0      1      18     570    2.916000
0      0      1      13     634    5.838185
0      0      1      4      411    5.276185
0      0      1      38     486    5.721185
0      0      1      43     543    2.507000
0      0      1      174    380    0.543000
0      0      1      20     301    0.549000
0      0      1      16     354    5.858185
0      0      2      207    404    0.000000
0      0      2      151    387    0.000000
0      0      1      195    512    2.939000
0      0      1      261    482    0.361000
0      0      1      133    421    0.450000
0      0      1      240    553    0.415000
0      0      1      278    554    0.523000
0      0      1      359    461    0.304000
0      0      1      418    548    5.748185
0      0      1      474    592    3.074000
0      0      1      402    639    0.000000
0      0      1      307    641    0.365000
0      0      1      304    595    0.341000
0      0      1      348    538    5.751185
0      0      1      377    498    3.453185
0      0      1      317    476    3.372185
0      0      1      317    420    5.980185
0      0      1      293    394    2.464000
0      0      1      247    640    5.956185
0      0      1      184    609    0.613000
0      0      1      572    582    5.941185
0      0      1      643    553    2.461000
0      0      1      630    490    0.774000
0      0      1      664    460    0.237000
0      0      1      729    499    3.122000
0      0      1      682    509    3.457185
0      0      1      709    566    3.037000
0      0      1      689    617    2.810000
0      0      1      625    607    0.395000
0      0      1      480    670    6.161185
0      0      1      440    750    0.245000
0      0      1      741    664    0.474000
0      0      1      678    666    6.185185
0      0      1      645    688    3.656185
0      0      1      645    727    0.000000
0      0      1      583    710    2.599000
0      0      1      537    760    2.979000
0      0      1      609    810    6.027185
0      0      1      643    764    0.000000
0      0      1      703    766    3.528185
0      0      1      758    800    0.197000
0      0      1      818    654    3.605185
0      0      1      204    680    2.578000
0      0      1      256    720    3.092000
0      0      1      307    736    2.976000
0      0      1      364    755    0.000000
0      0      1      191    754    5.654185
0      0      1      231    797    3.259185
0      0      1      152    867    2.275000
0      0      1      246    900    0.592000
0      0      1      186    1010   5.730185
0      0      1      336    832    0.030000
0      0      1      374    854    3.454185
0      0      1      428    828    3.266185
0      0      1      470    809    3.323185
0      0      1      433    896    6.141185
0      0      1      445    932    6.240185
0      0      1      297    926    3.039000
0      0      1      333    939    6.176185
0      0      1      365    994    3.479185
0      0      1      517    822    2.951000
0      0      1      494    868    2.947000
0      0      1      549    890    6.038185
0      0      1      567    839    0.536000
0      0      1      622    880    5.646185
0      0      1      580    926    2.566000
0      0      1      499    994    2.874000
0      0      1      538    998    3.426185
0      0      1      590    973    0.000000
0      0      1      563    1016   0.000000
0      0      1      648    945    0.503000
0      0      1      696    1019   3.766185
0      0      1      616    1021   3.745185
0      0      1      655    832    0.650000
0      0      1      667    807    0.622000
0      0      1      666    878    0.675000
0      0      1      730    910    0.773000
0      0      1      752    876    0.565000
0      0      1      763    843    0.688000
0      0      1      824    871    2.842000
0      0      1      803    919    0.111000
0      0      1      839    966    2.715000
0      0      1      859    897    0.000000
0      0      1      890    890    0.019000
0      0      1      917    930    5.946185
0      0      1      954    960    0.533000
0      0      1      824    702    0.567000
0      0      1      867    638    3.870185
0      0      1      849    598    6.005185
0      0      1      939    629    5.613185
0      0      1      959    688    6.113185
0      0      1      964    723    6.123185
0      0      1      895    672    0.679000
0      0      1      897    713    0.000000
0      0      1      909    753    0.519000
0      0      1      841    757    6.115185
0      0      1      873    761    0.000000
0      0      1      807    803    3.822185
0      0      1      911    809    5.891185
0      0      1      966    821    2.741000
0      0      1      930    869    5.914185
0      0      1      876    841    0.000000
0      0      1      1005   882    6.047185
0      0      1      998    947    0.344000
0      0      1      958    1012   3.813185
0      0      1      1011   727    0.103000
0      0      1      867    0      0.630000
0      0      1      134    2      0.053000
0      0      2      902    147    0.000000
0      0      2      153    8      0.000000
0      0      2      883    365    0.142000
