0      0      2      175    555    0.000000
0      0      2      191    582    0.000000
0      0      2      88     559    0.000000
0      0      2      297    503    0.000000
0      0      2      82     405    0.000000
0      0      2      32     381    0.000000
0      0      2      20     402    0.000000
0      0      2      32     275    0.000000
0      0      2      140    300    0.000000
0      0      2      305    267    0.000000
0      0      2      276    268    0.000000
0      0      2      138    138    0.000000
0      0      2      107    194    0.000000
0      0      2      45     143    0.000000
0      0      2      104    81     0.000000
0      0      2      378    132    0.000000
0      0      2      364    105    0.000000
0      0      2      260    137    0.000000
0      0      2      214    163    0.000000
0      0      2      151    219    0.000000
0      0      2      573    159    0.000000
0      0      2      639    267    0.000000
0      0      2      610    375    0.000000
0      0      2      667    7      0.000000
0      0      2      726    2      0.000000
0      0      2      905    4      0.000000
0      0      2      814    4      0.000000
0      0      2      153    7      0.000000
0      0      2      381    186    0.000000
0      0      2      771    131    0.000000
0      0      2      861    232    0.000000
0      0      2      968    149    0.000000
0      0      2      152    326    0.000000
0      0      2      158    481    0.000000
0      0      2      155    380    0.000000
0      0      2      398    344    0.000000
0      0      2      452    379    0.000000
0      0      2      435    455    0.000000
0      0      2      362    610    0.000000
0      0      2      392    153    0.000000
0      0      2      626    227    0.000000
0      0      2      717    70     0.000000
0      0      2      917    347    0.000000
0      0      2      952    448    0.000000
0      0      2      554    224    0.000000
0      0      2      244    214    0.000000
0      0      1      240    55     6.026185
0      0      2      259    82     0.000000
0      0      1      178    214    3.582185
0      0      1      109    237    3.452185
0      0      1      80     166    0.000000
0      0      1      116    155    5.950185
0      0      1      94     283    6.209185
0      0      1      95     344    3.552185
0      0      1      171    291    2.905000
0      0      1      226    337    3.756185
0      0      1      185    382    2.938000
0      0      1      208    238    3.720185
0      0      1      346    292    3.769185
0      0      1      292    333    0.430000
0      0      1      247    163    2.617000
0      0      1      280    173    2.834000
0      0      1      415    219    0.000000
0      0      1      478    208    0.043000
0      0      1      464    141    0.695000
0      0      1      458    292    3.729185
0      0      1      513    342    2.897000
0      0      1      475    346    6.033185
0      0      1      555    281    3.954185
0      0      1      35     337    3.952185
0      0      1      153    428    3.828185
0      0      1      105    446    5.839185
0      0      1      82     467    0.893000
0      0      1      257    254    0.434000
0      0      1      217    300    3.631185
0      0      1      324    183    0.000000
0      0      1      332    80     3.245185
0      0      1      401    88     0.343000
0      0      1      435    67     0.000000
0      0      1      466    69     3.222185
0      0      1      318    450    0.000000
0      0      1      358    455    3.708185
0      0      1      271    408    5.917185
0      0      1      347    369    5.724185
0      0      1      390    411    5.967185
0      0      1      425    400    5.778185
0      0      1      476    405    5.798185
0      0      1      515    444    3.426185
0      0      1      544    415    5.749185
0      0      1      606    323    0.471000
0      0      1      692    340    0.000000
0      0      1      678    228    2.715000
0      0      1      496    271    2.601000
0      0      1      733    262    0.000000
0      0      1      749    328    0.425000
0      0      1      599    238    6.023185
0      0      1      633    154    6.060185
0      0      1      600    162    5.961185
0      0      1      536    133    5.795185
0      0      1      516    98     3.927185
0      0      1      610    84     3.841185
0      0      1      659    66     0.000000
0      0      2      654    125    0.000000
0      0      1      824    105    3.206185
0      0      1      774    70     3.123000
0      0      1      725    146    2.831000
0      0      1      901    143    5.739185
0      0      1      845    178    3.446185
0      0      1      886    199    0.000000
0      0      1      845    312    2.737000
0      0      1      842    401    2.935000
0      0      1      391    33     0.422000
0      0      1      99     12     0.464000
0      0      1      146    38     5.888185
0      0      1      108    100    2.769000
0      0      1      509    27     3.871185
0      0      1      597    26     0.000000
0      0      1      697    46     3.318185
0      0      1      20     430    0.145000
0      0      1      26     488    5.768185
0      0      1      242    505    3.039000
0      0      1      182    500    3.333185
0      0      1      280    547    3.226185
0      0      1      222    572    0.036000
0      0      1      351    514    0.576000
0      0      1      390    530    4.015185
0      0      2      313    562    5.851185
0      0      1      329    611    6.187185
0      0      1      415    474    0.682000
0      0      1      538    523    0.000000
0      0      1      504    483    2.866000
0      0      1      493    595    0.276000
0      0      1      419    616    0.000000
0      0      1      274    646    3.620185
0      0      1      601    509    5.961185
0      0      1      629    553    6.109185
0      0      1      660    612    6.235185
0      0      1      696    656    3.286185
0      0      1      457    537    3.696185
0      0      1      470    462    0.245000
0      0      1      311    741    6.123185
0      0      1      380    752    6.258185
0      0      2      499    722    3.433185
0      0      1      549    740    5.909185
0      0      1      570    691    5.865185
0      0      1      602    639    5.912185
0      0      1      422    779    2.640000
0      0      1      467    809    0.000000
0      0      1      512    808    0.000000
0      0      1      238    798    0.000000
0      0      1      253    719    6.209185
0      0      1      191    750    2.785000
0      0      1      184    807    6.073185
0      0      1      49     748    5.844185
0      0      1      72     690    0.497000
0      0      1      76     621    2.855000
0      0      1      158    644    0.215000
0      0      1      198    672    0.672000
0      0      1      138    583    3.589185
0      0      1      70     527    3.141185
0      0      1      129    504    0.183000
0      0      1      270    603    3.514185
0      0      1      641    660    2.761000
0      0      1      352    146    2.846000
0      0      1      653    458    3.655185
0      0      1      629    405    2.900000
0      0      1      694    433    0.601000
0      0      1      726    383    3.127000
0      0      1      843    46     2.944000
0      0      1      872    90     0.512000
0      0      1      950    44     5.819185
0      0      1      776    10     2.428000
0      0      1      867    14     0.297000
0      0      1      904    269    0.507000
0      0      1      763    495    3.174185
0      0      1      730    500    0.000000
0      0      1      686    519    0.000000
0      0      1      707    565    5.956185
0      0      1      773    571    5.615185
0      0      1      815    517    3.142000
0      0      1      882    532    3.444185
0      0      1      885    461    6.136185
0      0      1      927    502    5.917185
0      0      1      8      553    0.577000
0      0      1      1      622    5.814185
0      0      1      626    725    2.747000
0      0      1      691    758    3.312185
0      0      1      622    808    5.971185
0      0      1      686    858    3.700185
0      0      1      691    821    3.620185
0      0      1      756    795    0.000000
0      0      1      782    756    3.705185
0      0      1      335    831    6.267185
0      0      1      246    900    0.559000
0      0      1      101    988    2.976000
0      0      1      299    924    0.000000
0      0      1      331    939    6.243185
0      0      1      365    988    0.399000
0      0      1      430    934    2.739000
0      0      1      400    904    0.000000
0      0      1      373    857    3.598185
0      0      1      439    859    2.805000
0      0      1      573    838    0.751000
0      0      1      495    875    0.543000
0      0      1      638    895    3.017000
0      0      1      551    889    0.484000
0      0      1      549    935    0.000000
0      0      1      613    953    5.656185
0      0      1      554    991    0.000000
0      0      1      513    997    3.062000
0      0      1      591    994    3.042000
0      0      1      653    952    0.392000
0      0      1      699    923    6.242185
0      0      1      658    1012   0.000000
0      0      1      702    1017   3.613185
0      0      1      747    895    5.855185
0      0      1      777    865    0.394000
0      0      1      785    839    0.540000
0      0      1      846    771    3.002000
0      0      1      812    715    3.293185
0      0      1      843    667    3.211185
0      0      1      746    711    0.420000
0      0      1      896    890    3.029000
0      0      1      939    887    2.991000
0      0      1      942    957    3.531185
0      0      1      989    943    3.219185
0      0      1      880    988    5.812185
0      0      1      846    1014   5.695185
0      0      1      880    794    0.130000
0      0      1      871    727    0.611000
0      0      1      821    611    3.816185
0      0      1      739    601    0.000000
0      0      1      758    646    0.351000
0      0      1      357    6      5.378185
0      0      1      961    109    0.424000
0      0      1      949    632    3.961185
0      0      1      958    582    5.853185
0      0      1      987    517    6.038185
0      0      1      867    900    0.000000
0      0      1      862    843    3.097000
0      0      1      915    805    0.111000
0      0      1      951    685    5.934185
0      0      1      973    726    0.291000
0      0      2      869    659    3.049000
0      0      1      904    673    5.881185
0      0      1      874    614    3.496185
0      0      1      953    816    5.909185
0      0      1      997    807    3.496185
0      0      1      955    765    5.944185
0      0      1      996    883    2.825000
0      0      1      957    1020   3.739185
0      0      1      793    686    0.317000
0      0      1      576    452    3.399185
0      0      1      904    408    5.690185
0      0      1      949    399    0.000000
0      0      1      1005   410    0.263000
0      0      1      977    475    5.756185
0      0      2      885    367    3.203185
0      0      1      981    13     5.737185
0      0      1      1020   87     0.000000
0      0      2      596    451    0.000000
0      0      2      293    454    0.000000
0      0      1      829    886    2.917000
0      0      2      79     310    2.629000
0      0      2      7      328    0.000000
