0      0      2      138    299    0.000000
0      0      2      304    265    0.000000
0      0      2      277    267    0.000000
0      0      2      157    379    0.000000
0      0      2      82     403    0.000000
0      0      2      33     380    0.000000
0      0      2      22     406    0.000000
0      0      2      89     556    0.000000
0      0      2      297    501    0.000000
0      0      2      192    581    0.000000
0      0      2      177    556    0.000000
0      0      2      30     275    0.000000
0      0      2      106    192    0.000000
0      0      2      152    220    0.000000
0      0      2      244    214    0.000000
0      0      2      212    162    0.000000
0      0      2      138    137    0.000000
0      0      2      46     142    0.000000
0      0      2      378    187    0.000000
0      0      2      574    157    0.000000
0      0      2      652    128    0.000000
0      0      2      377    132    0.000000
0      0      2      365    107    0.000000
0      0      2      607    371    0.000000
0      0      2      639    266    0.000000
0      0      2      863    234    0.000000
0      0      2      817    2      0.000000
0      0      2      724    0      0.000000
0      0      2      667    4      0.000000
0      0      2      154    6      0.000000
0      0      2      259    137    0.000000
0      0      2      390    155    0.000000
0      0      2      400    343    0.000000
0      0      2      437    458    0.000000
0      0      2      294    454    0.000000
0      0      2      452    378    0.000000
0      0      2      597    454    0.000000
0      0      2      360    611    0.000000
0      0      2      775    128    0.000000
0      0      2      352    141    0.000000
0      0      2      967    151    0.000000
0      0      2      715    70     0.000000
0      0      2      627    228    0.000000
0      0      2      153    326    0.000000
0      0      2      157    479    0.000000
0      0      1      110    94     2.778000
0      0      1      80     163    3.509185
0      0      1      121    161    2.847000
0      0      1      241    56     5.736185
0      0      1      246    167    5.654185
0      0      1      325    185    3.127000
0      0      1      283    173    2.861000
0      0      1      333    80     3.346185
0      0      1      143    35     6.038185
0      0      1      438    66     3.124000
0      0      1      470    65     2.966000
0      0      1      467    144    3.885185
0      0      1      516    97     0.901000
0      0      1      382    42     3.431185
0      0      1      399    90     3.502185
0      0      1      346    286    3.847185
0      0      1      418    234    3.014000
0      0      1      106    12     0.464000
0      0      1      65     514    3.141185
0      0      1      20     487    5.841185
0      0      1      16     423    0.432000
0      0      1      80     469    3.785185
0      0      1      112    448    2.528000
0      0      1      133    503    0.016000
0      0      1      154    425    5.564185
0      0      1      92     337    0.650000
0      0      1      97     283    5.992185
0      0      1      31     335    2.431000
0      0      1      1      544    0.665000
0      0      1      78     622    5.978185
0      0      1      2      624    5.749185
0      0      1      72     690    3.718185
0      0      1      42     752    2.569000
0      0      1      155    647    0.268000
0      0      1      142    583    0.386000
0      0      1      223    574    3.000000
0      0      1      186    500    6.212185
0      0      1      242    499    0.000000
0      0      1      280    544    6.234185
0      0      1      273    606    0.411000
0      0      1      332    616    0.160000
0      0      1      278    651    3.522185
0      0      1      256    715    0.000000
0      0      1      311    736    3.021000
0      0      1      198    671    3.778185
0      0      1      187    752    5.783185
0      0      1      185    804    2.836000
0      0      1      238    800    6.219185
0      0      1      228    337    0.722000
0      0      1      296    334    3.530185
0      0      1      274    404    6.126185
0      0      1      349    365    5.649185
0      0      1      172    296    6.056185
0      0      1      184    384    6.083185
0      0      1      182    218    3.414185
0      0      1      113    238    3.411185
0      0      1      207    239    3.673185
0      0      1      261    250    3.762185
0      0      1      109    986    0.000000
0      0      1      246    899    3.745185
0      0      1      335    832    0.000000
0      0      1      381    766    6.233185
0      0      1      301    925    2.984000
0      0      1      334    941    3.022000
0      0      1      367    993    3.472185
0      0      2      502    718    0.381000
0      0      1      424    781    2.595000
0      0      1      467    809    3.386185
0      0      1      434    847    2.897000
0      0      1      379    865    0.062000
0      0      1      403    906    2.929000
0      0      1      428    937    5.789185
0      0      1      625    816    5.950185
0      0      1      553    741    2.715000
0      0      1      513    820    3.085000
0      0      1      571    842    3.916185
0      0      1      602    649    0.000000
0      0      1      571    694    5.695185
0      0      1      626    735    3.060000
0      0      1      548    936    0.000000
0      0      1      558    895    0.448000
0      0      1      499    874    3.756185
0      0      1      682    864    0.739000
0      0      1      657    943    0.395000
0      0      1      515    991    0.000000
0      0      1      548    983    0.000000
0      0      1      587    991    0.000000
0      0      1      630    983    5.834185
0      0      1      690    757    0.000000
0      0      1      753    795    3.246185
0      0      1      688    818    0.424000
0      0      1      421    606    0.000000
0      0      1      471    600    2.847000
0      0      1      488    551    0.416000
0      0      1      339    524    3.482185
0      0      1      389    528    0.000000
0      0      1      415    479    3.676185
0      0      1      349    468    0.479000
0      0      1      319    448    6.256185
0      0      1      518    28     3.927185
0      0      1      543    132    0.834000
0      0      1      597    22     0.000000
0      0      1      613    91     0.873000
0      0      1      658    66     3.201185
0      0      1      695    43     3.416185
0      0      1      386    412    2.751000
0      0      1      420    400    5.806185
0      0      1      480    407    5.756185
0      0      1      477    346    6.063185
0      0      1      515    349    2.815000
0      0      1      467    205    3.708185
0      0      1      450    286    0.464000
0      0      1      558    291    0.713000
0      0      1      503    275    5.914185
0      0      1      605    319    0.499000
0      0      1      599    240    2.897000
0      0      1      602    159    2.795000
0      0      1      629    145    6.047185
0      0      1      512    442    0.436000
0      0      1      469    466    0.322000
0      0      1      519    483    6.133185
0      0      1      544    523    5.977185
0      0      1      600    509    2.801000
0      0      1      633    552    0.000000
0      0      1      658    623    5.897185
0      0      1      645    663    2.855000
0      0      1      702    662    3.304185
0      0      1      701    573    5.601185
0      0      1      687    515    3.475185
0      0      1      651    456    0.307000
0      0      1      636    403    5.971185
0      0      1      546    422    5.852185
0      0      1      572    460    3.351185
0      0      1      746    716    0.233000
0      0      1      779    757    3.764185
0      0      1      789    832    0.372000
0      0      1      771    861    0.523000
0      0      1      740    887    2.872000
0      0      1      635    881    0.000000
0      0      1      702    1010   3.401185
0      0      1      666    1022   0.119000
0      0      1      703    932    2.810000
0      0      1      680    226    2.928000
0      0      1      721    150    6.129185
0      0      1      764    83     3.318185
0      0      1      773    9      5.797185
0      0      1      844    38     2.976000
0      0      1      821    99     3.325185
0      0      1      737    255    3.141185
0      0      1      749    330    3.514185
0      0      1      686    350    6.052185
0      0      1      726    381    0.000000
0      0      1      692    434    0.681000
0      0      1      769    495    0.000000
0      0      1      731    505    0.000000
0      0      1      780    576    5.639185
0      0      1      738    602    0.057000
0      0      1      753    644    0.330000
0      0      1      820    615    0.559000
0      0      1      795    679    5.195185
0      0      1      902    145    5.826185
0      0      1      848    168    3.298185
0      0      1      886    203    3.174185
0      0      1      871    94     3.788185
0      0      1      953    111    3.324185
0      0      1      951    46     2.649000
0      0      1      867    10     0.534000
0      0      1      1022   78     0.000000
0      0      1      987    17     0.704000
0      0      1      844    312    6.038185
0      0      1      903    267    0.405000
0      0      1      836    408    2.867000
0      0      2      889    370    3.556185
0      0      1      881    457    6.074185
0      0      1      884    531    0.384000
0      0      1      815    528    0.000000
0      0      1      1010   403    3.342185
0      0      1      949    407    6.161185
0      0      1      912    425    6.241185
0      0      1      924    495    5.743185
0      0      1      960    481    0.000000
0      0      1      986    515    2.984000
0      0      1      952    567    2.844000
0      0      1      877    608    5.800185
0      0      1      946    630    5.509185
0      0      1      844    665    0.029000
0      0      1      817    712    0.000000
0      0      1      848    775    2.976000
0      0      1      896    891    3.214185
0      0      1      880    995    5.707185
0      0      1      831    1001   0.000000
0      0      1      942    962    3.463185
0      0      1      985    947    3.247185
0      0      1      961    1009   5.329185
0      0      1      827    897    5.716185
0      0      1      875    796    3.513185
0      0      1      953    686    5.915185
0      0      1      959    727    3.276185
0      0      1      937    884    2.973000
0      0      1      1000   880    5.848185
0      0      1      1000   810    0.422000
0      0      1      960    822    2.858000
0      0      1      915    817    6.136185
0      0      1      874    841    6.155185
0      0      1      213    295    3.644185
0      0      1      902    670    5.685185
0      0      1      872    726    3.900185
0      0      1      947    764    0.000000
0      0      1      905    3      0.000000
0      0      2      916    348    0.000000
0      0      2      953    451    0.000000
0      0      1      865    899    3.236185
0      0      2      868    653    0.000000
0      0      2      551    222    0.000000
0      0      2      310    563    0.000000
