0      0      2      46     143    0.000000
0      0      2      106    194    0.000000
0      0      2      32     274    0.000000
0      0      2      36     382    0.000000
0      0      2      82     405    0.000000
0      0      2      153    379    0.000000
0      0      2      88     558    0.000000
0      0      2      175    556    0.000000
0      0      2      242    214    0.000000
0      0      2      214    166    0.000000
0      0      2      138    139    0.000000
0      0      2      364    107    0.000000
0      0      2      377    132    0.000000
0      0      2      573    158    0.000000
0      0      2      380    188    0.000000
0      0      2      307    264    0.000000
0      0      2      276    266    0.000000
0      0      2      158    482    0.000000
0      0      2      195    575    0.000000
0      0      2      864    236    0.000000
0      0      2      257    137    0.000000
0      0      2      154    324    0.000000
0      0      2      139    299    0.000000
0      0      2      637    266    0.000000
0      0      2      434    457    3.183185
0      0      2      399    345    0.000000
0      0      2      362    609    0.000000
0      0      2      392    154    0.000000
0      0      2      715    70     0.000000
0      0      2      773    128    0.000000
0      0      2      967    150    0.000000
0      0      2      449    379    0.000000
0      0      2      953    446    0.000000
0      0      2      553    224    0.000000
0      0      2      599    453    0.000000
0      0      2      291    455    0.000000
0      0      2      138    237    0.000000
0      0      2      151    216    0.000000
0      0      2      152    4      0.000000
0      0      2      600    2      0.000000
0      0      2      668    4      0.000000
0      0      2      722    2      0.000000
0      0      2      814    4      0.000000
0      0      2      906    5      0.000000
0      0      2      346    185    0.000000
0      0      2      652    129    0.000000
0      0      2      609    375    0.000000
0      0      2      625    227    0.000000
0      0      2      917    349    0.000000
0      0      2      351    145    0.000000
0      0      2      261    82     0.000000
0      0      2      310    564    0.000000
0      0      1      154    37     2.648000
0      0      1      124    88     5.828185
0      0      1      103    10     0.257000
0      0      1      80     147    0.534000
0      0      1      121    161    2.771000
0      0      1      118    255    0.339000
0      0      1      87     285    3.039000
0      0      1      178    211    0.483000
0      0      1      246    168    5.675185
0      0      1      238    55     2.795000
0      0      1      332    83     3.396185
0      0      1      321    192    0.000000
0      0      1      286    176    5.868185
0      0      1      260    249    3.703185
0      0      1      407    240    5.728185
0      0      1      343    294    3.876185
0      0      1      300    337    0.142000
0      0      1      467    141    3.733185
0      0      1      398    81     0.554000
0      0      1      388    40     3.452185
0      0      1      444    51     2.930000
0      0      1      474    43     2.955000
0      0      1      30     334    0.795000
0      0      1      75     335    0.641000
0      0      2      97     323    0.000000
0      0      2      80     307    0.000000
0      0      2      24     405    0.322000
0      0      1      63     520    3.302185
0      0      1      76     464    3.890185
0      0      1      108    449    2.642000
0      0      1      13     422    0.445000
0      0      1      10     483    0.000000
0      0      1      6      550    0.594000
0      0      1      77     623    5.946185
0      0      1      9      639    5.936185
0      0      1      72     689    0.555000
0      0      1      22     759    6.221185
0      0      1      153    646    3.314185
0      0      1      161    595    0.284000
0      0      1      139    523    0.033000
0      0      1      148    418    0.880000
0      0      1      185    387    6.022185
0      0      1      173    298    2.955000
0      0      1      212    232    3.473185
0      0      1      222    303    3.473185
0      0      1      228    338    0.599000
0      0      1      359    10     0.000000
0      0      1      271    405    2.929000
0      0      1      317    456    6.100185
0      0      1      185    498    0.000000
0      0      1      189    751    2.811000
0      0      1      191    799    3.110000
0      0      1      256    716    6.254185
0      0      1      239    799    3.153185
0      0      1      310    737    6.204185
0      0      1      198    673    3.847185
0      0      1      133    990    6.145185
0      0      1      243    900    3.747185
0      0      1      336    838    0.000000
0      0      1      380    766    3.069000
0      0      1      300    924    0.000000
0      0      1      331    940    6.202185
0      0      1      368    991    3.467185
0      0      1      413    902    5.833185
0      0      1      428    934    5.795185
0      0      2      297    505    0.000000
0      0      1      251    491    3.110000
0      0      1      275    613    3.860185
0      0      1      290    551    3.711185
0      0      1      338    538    2.486000
0      0      1      330    615    3.069000
0      0      1      253    651    0.276000
0      0      1      456    197    3.807185
0      0      1      461    294    3.747185
0      0      1      516    342    6.046185
0      0      1      511    272    3.832185
0      0      1      573    312    6.056185
0      0      1      611    316    3.507185
0      0      1      551    120    2.427000
0      0      1      517    97     3.849185
0      0      1      543    43     3.884185
0      0      1      608    85     3.199185
0      0      1      660    64     0.042000
0      0      1      698    42     0.510000
0      0      1      774    5      5.695185
0      0      1      760    83     3.836185
0      0      1      722    152    2.926000
0      0      1      681    223    2.957000
0      0      1      756    267    3.271185
0      0      1      597    148    2.957000
0      0      1      631    138    6.187185
0      0      1      814    99     3.261185
0      0      1      844    37     6.269185
0      0      1      868    88     0.366000
0      0      1      847    161    3.314185
0      0      1      947    42     2.723000
0      0      1      945    110    0.096000
0      0      1      975    3      2.443000
0      0      1      417    586    3.916185
0      0      1      426    774    2.478000
0      0      1      470    594    3.799185
0      0      1      547    525    0.596000
0      0      2      501    720    0.341000
0      0      1      465    805    0.064000
0      0      1      421    835    4.129185
0      0      1      376    859    1.684000
0      0      1      897    141    5.721185
0      0      1      885    206    3.007000
0      0      1      1019   77     0.000000
0      0      1      837    322    0.000000
0      0      1      903    269    0.449000
0      0      1      355    452    0.510000
0      0      1      405    501    5.961185
0      0      1      412    534    2.936000
0      0      1      541    732    2.722000
0      0      1      562    699    2.755000
0      0      1      597    651    0.039000
0      0      1      650    689    0.086000
0      0      1      656    628    3.927185
0      0      1      218    579    3.301185
0      0      1      345    373    5.916185
0      0      1      383    412    0.712000
0      0      1      417    407    2.869000
0      0      1      586    217    5.992185
0      0      1      675    342    3.011000
0      0      1      748    332    3.533185
0      0      1      726    383    0.227000
0      0      1      636    402    0.000000
0      0      1      476    349    5.695185
0      0      1      478    407    5.926185
0      0      1      545    423    2.652000
0      0      1      576    465    0.337000
0      0      1      470    458    3.474185
0      0      1      513    440    0.142000
0      0      1      521    479    0.000000
0      0      1      620    814    5.808185
0      0      1      514    821    2.863000
0      0      1      485    870    3.778185
0      0      1      569    842    3.897185
0      0      1      551    890    3.451185
0      0      1      550    936    2.979000
0      0      1      640    887    6.055185
0      0      1      659    944    3.516185
0      0      1      507    1001   0.000000
0      0      1      544    996    3.327185
0      0      1      580    993    2.974000
0      0      1      629    1011   0.172000
0      0      1      701    1008   3.689185
0      0      1      659    1016   0.042000
0      0      1      707    931    2.853000
0      0      1      687    857    3.599185
0      0      1      643    753    2.832000
0      0      1      685    754    0.272000
0      0      1      683    818    0.390000
0      0      1      733    851    0.000000
0      0      1      738    791    2.015000
0      0      1      776    768    5.608185
0      0      1      795    827    0.280000
0      0      1      782    865    5.518185
0      0      1      746    715    0.538000
0      0      1      712    654    0.331000
0      0      1      764    664    2.974000
0      0      1      804    678    3.434185
0      0      1      823    713    0.226000
0      0      1      696    575    3.674185
0      0      1      631    558    3.156185
0      0      1      687    521    3.459185
0      0      1      729    506    0.000000
0      0      1      772    477    0.014000
0      0      1      655    453    3.522185
0      0      1      693    433    0.547000
0      0      1      827    416    3.344185
0      0      1      871    437    2.962000
0      0      1      1003   397    2.930000
0      0      1      822    605    3.877185
0      0      1      758    598    3.449185
0      0      1      762    546    3.378185
0      0      1      815    551    5.854185
0      0      1      921    431    3.406185
0      0      1      956    396    2.973000
0      0      2      886    369    3.257185
0      0      1      889    540    3.800185
0      0      1      922    503    2.346000
0      0      1      966    483    0.000000
0      0      1      985    513    2.882000
0      0      1      954    585    6.141185
0      0      1      895    622    3.898185
0      0      1      850    647    3.324185
0      0      1      890    672    6.155185
0      0      1      945    631    4.010185
0      0      1      955    688    6.093185
0      0      1      874    731    3.218185
0      0      1      841    780    2.871000
0      0      1      878    791    3.612185
0      0      1      961    728    0.084000
0      0      1      821    894    6.130185
0      0      1      869    840    6.138185
0      0      1      862    902    6.266185
0      0      1      896    887    3.126000
0      0      1      913    837    5.895185
0      0      1      951    769    2.489000
0      0      1      966    810    3.564185
0      0      1      943    882    0.114000
0      0      1      837    990    2.953000
0      0      1      898    1012   0.656000
0      0      1      944    965    3.475185
0      0      1      794    1015   0.000000
0      0      1      996    818    0.373000
0      0      1      1003   880    2.692000
0      0      1      986    946    3.336185
0      0      1      952    1017   3.821185
0      0      1      518    568    2.882000
0      0      1      607    505    2.840000
0      0      1      879    1      0.761000
