0      0      2      108    195    0.000000
0      0      2      31     276    0.000000
0      0      2      152    218    0.000000
0      0      2      211    165    0.000000
0      0      2      137    139    0.000000
0      0      2      45     143    0.000000
0      0      2      365    106    0.000000
0      0      2      379    187    0.000000
0      0      2      345    189    0.000000
0      0      2      244    216    0.000000
0      0      2      34     378    0.000000
0      0      2      82     405    0.000000
0      0      2      154    327    0.000000
0      0      2      139    303    0.000000
0      0      2      95     325    0.000000
0      0      2      76     311    0.000000
0      0      2      158    477    0.000000
0      0      2      175    555    0.000000
0      0      2      192    581    0.000000
0      0      2      85     560    0.000000
0      0      2      637    266    0.000000
0      0      2      610    372    0.000000
0      0      2      862    237    0.000000
0      0      2      818    2      0.000000
0      0      2      907    4      0.000000
0      0      2      572    156    0.000000
0      0      2      378    131    0.000000
0      0      2      304    265    0.000000
0      0      2      275    268    0.000000
0      0      2      259    138    0.000000
0      0      2      639    320    0.000000
0      0      2      360    609    0.000000
0      0      2      435    458    0.000000
0      0      2      399    346    0.000000
0      0      2      391    155    0.000000
0      0      2      774    131    0.000000
0      0      2      715    70     0.000000
0      0      2      967    151    0.000000
0      0      2      918    348    0.000000
0      0      2      292    453    0.000000
0      0      2      600    451    0.000000
0      0      2      451    379    0.000000
0      0      2      955    448    0.000000
0      0      2      554    226    0.000000
0      0      2      627    225    0.000000
0      0      2      651    130    0.000000
0      0      2      157    380    0.000000
0      0      1      29     762    6.038185
0      0      1      72     688    3.692185
0      0      1      76     623    6.017185
0      0      1      11     548    0.785000
0      0      1      12     633    5.930185
0      0      1      14     480    0.000000
0      0      1      66     519    0.142000
0      0      1      133    80     2.973000
0      0      1      155    40     5.853185
0      0      1      237    55     2.796000
0      0      1      119    5      0.250000
0      0      1      77     141    3.631185
0      0      1      119    164    2.734000
0      0      1      118    245    3.370185
0      0      2      331    82     3.307185
0      0      1      438    53     3.162185
0      0      1      184    214    0.293000
0      0      1      211    239    3.386185
0      0      1      226    302    3.457185
0      0      1      256    253    3.696185
0      0      1      246    167    2.489000
0      0      1      286    179    2.765000
0      0      1      325    190    3.060000
0      0      1      444    188    0.644000
0      0      1      465    138    0.700000
0      0      1      513    95     3.544185
0      0      1      546    44     0.635000
0      0      1      609    79     3.161185
0      0      1      659    67     3.268185
0      0      1      695    48     3.518185
0      0      2      261    81     0.000000
0      0      2      670    1      0.000000
0      0      2      726    0      0.000000
0      0      1      385    39     0.259000
0      0      1      398    83     3.700185
0      0      2      94     283    0.000000
0      0      1      69     332    2.356000
0      0      1      10     322    5.405185
0      0      2      24     402    0.000000
0      0      1      19     424    0.480000
0      0      1      76     465    0.614000
0      0      1      106    450    5.707185
0      0      1      148    421    0.852000
0      0      1      186    389    5.961185
0      0      1      172    295    2.986000
0      0      1      227    340    0.534000
0      0      1      144    523    0.000000
0      0      1      185    497    6.192185
0      0      1      261    488    0.171000
0      0      1      273    406    5.944185
0      0      1      343    371    5.883185
0      0      1      383    412    3.578185
0      0      1      316    450    2.892000
0      0      1      358    456    3.700185
0      0      1      296    337    0.165000
0      0      1      342    293    3.708185
0      0      1      405    247    5.511185
0      0      1      143    989    2.962000
0      0      1      240    902    3.739185
0      0      1      300    922    0.000000
0      0      1      332    940    0.000000
0      0      1      367    987    3.519185
0      0      1      337    842    0.000000
0      0      1      373    851    3.326185
0      0      1      307    730    3.044000
0      0      1      378    758    3.122000
0      0      1      257    715    6.086185
0      0      1      194    795    3.102000
0      0      1      242    800    3.193185
0      0      1      191    752    2.694000
0      0      1      431    768    5.549185
0      0      1      463    810    3.382185
0      0      1      417    829    0.772000
0      0      1      413    895    2.737000
0      0      1      430    933    5.861185
0      0      1      151    652    0.000000
0      0      1      165    603    3.563185
0      0      1      224    578    0.000000
0      0      1      195    671    3.938185
0      0      1      245    648    3.331185
0      0      1      281    549    0.349000
0      0      1      340    540    2.394000
0      0      1      329    624    3.099000
0      0      1      279    620    3.661185
0      0      1      411    587    5.636185
0      0      1      462    592    5.415185
0      0      1      521    579    3.691185
0      0      1      400    497    2.728000
0      0      1      470    466    0.278000
0      0      1      524    476    0.329000
0      0      1      574    467    0.134000
0      0      1      558    528    0.785000
0      0      1      617    505    2.850000
0      0      1      661    458    0.534000
0      0      1      630    552    0.000000
0      0      1      690    517    3.339185
0      0      2      498    722    0.385000
0      0      1      551    730    5.764185
0      0      1      563    697    2.630000
0      0      1      597    657    3.098000
0      0      1      649    629    5.619185
0      0      1      694    584    0.295000
0      0      1      650    688    6.086185
0      0      1      461    297    3.789185
0      0      1      472    350    2.542000
0      0      1      520    275    5.819185
0      0      1      577    315    2.778000
0      0      1      514    346    6.188185
0      0      1      483    402    5.967185
0      0      1      422    402    5.910185
0      0      1      511    441    0.329000
0      0      1      555    123    0.719000
0      0      1      597    145    6.134185
0      0      1      629    132    3.141185
0      0      1      716    153    2.936000
0      0      1      755    89     5.669185
0      0      1      767    3      5.600185
0      0      1      839    38     6.262185
0      0      1      810    96     0.276000
0      0      1      873    83     0.322000
0      0      1      875    4      0.497000
0      0      1      944    41     5.990185
0      0      1      980    12     0.724000
0      0      1      1016   82     3.111000
0      0      1      945    111    0.000000
0      0      1      901    143    5.683185
0      0      1      845    158    3.268185
0      0      1      883    207    3.087000
0      0      1      904    270    3.425185
0      0      1      834    325    3.215185
0      0      1      752    272    0.228000
0      0      1      746    330    3.556185
0      0      1      681    226    5.934185
0      0      1      674    341    6.189185
0      0      1      614    318    3.303185
0      0      1      631    401    0.000000
0      0      1      548    422    5.764185
0      0      1      723    383    0.000000
0      0      1      688    430    3.682185
0      0      1      826    424    3.300185
0      0      1      867    416    3.109000
0      0      1      959    401    2.959000
0      0      1      997    392    2.441000
0      0      1      919    440    2.485000
0      0      1      921    503    2.317000
0      0      1      962    482    3.313185
0      0      1      987    516    2.916000
0      0      2      892    370    0.000000
0      0      1      774    463    2.769000
0      0      1      732    504    6.196185
0      0      1      760    543    3.642185
0      0      1      813    559    3.002000
0      0      1      890    540    3.834185
0      0      1      588    218    6.028185
0      0      1      511    818    2.967000
0      0      1      488    869    0.648000
0      0      1      641    762    2.429000
0      0      1      691    755    3.261185
0      0      1      716    646    3.816185
0      0      1      758    594    0.124000
0      0      1      823    602    0.746000
0      0      1      958    587    2.825000
0      0      1      905    630    4.008185
0      0      1      618    810    2.652000
0      0      1      642    883    5.973185
0      0      1      559    894    3.271185
0      0      1      570    840    3.854185
0      0      1      560    931    6.060185
0      0      1      506    998    2.933000
0      0      1      577    994    2.845000
0      0      1      541    992    3.263185
0      0      1      637    1005   3.444185
0      0      1      665    1023   3.065000
0      0      1      704    1003   3.566185
0      0      1      713    929    2.537000
0      0      1      660    941    3.530185
0      0      1      766    669    6.141185
0      0      1      754    711    3.749185
0      0      1      742    786    0.446000
0      0      1      685    819    3.622185
0      0      1      685    853    0.549000
0      0      1      733    839    0.000000
0      0      1      815    712    3.425185
0      0      1      802    672    3.463185
0      0      1      853    643    3.307185
0      0      1      890    670    0.000000
0      0      1      962    687    6.187185
0      0      1      963    726    0.000000
0      0      1      880    734    3.079000
0      0      1      876    788    3.314185
0      0      1      946    768    2.445000
0      0      1      971    804    0.472000
0      0      1      998    818    3.630185
0      0      1      478    33     0.087000
0      0      1      349    6      5.950185
0      0      2      352    144    0.000000
0      0      1      839    774    6.024185
0      0      1      779    768    5.909185
0      0      1      825    892    2.832000
0      0      1      861    900    3.020000
0      0      1      893    881    0.000000
0      0      1      917    847    2.838000
0      0      1      779    868    3.939185
0      0      1      785    817    0.388000
0      0      1      794    1005   3.494185
0      0      1      835    982    3.395185
0      0      1      898    1004   0.650000
0      0      1      942    967    3.422185
0      0      1      985    947    3.335185
0      0      1      960    1012   3.698185
0      0      1      1002   879    2.770000
0      0      1      948    880    6.240185
0      0      1      949    630    3.993185
0      0      1      413    534    5.695185
0      0      2      311    569    0.809000
