0      0      2      107    80     0.000000
0      0      2      45     142    0.000000
0      0      2      31     276    0.000000
0      0      2      149    218    0.000000
0      0      2      107    194    0.000000
0      0      2      137    139    0.000000
0      0      2      365    107    0.000000
0      0      2      305    264    1.778000
0      0      2      275    265    0.000000
0      0      2      155    378    0.000000
0      0      2      84     402    0.000000
0      0      2      34     378    0.000000
0      0      2      210    164    0.000000
0      0      2      259    137    0.000000
0      0      2      379    187    0.000000
0      0      2      571    157    0.000000
0      0      2      652    132    0.000000
0      0      2      244    216    0.000000
0      0      2      175    556    0.000000
0      0      2      191    581    0.000000
0      0      2      153    324    0.000000
0      0      2      93     327    0.000000
0      0      2      138    299    0.000000
0      0      2      378    131    0.000000
0      0      2      816    5      0.000000
0      0      2      467    27     0.000000
0      0      2      609    375    0.000000
0      0      2      88     557    0.000000
0      0      2      158    480    0.000000
0      0      2      401    346    0.000000
0      0      2      451    379    0.000000
0      0      2      435    457    0.000000
0      0      2      600    452    0.000000
0      0      2      636    264    0.000000
0      0      2      391    154    0.000000
0      0      2      351    142    0.000000
0      0      2      773    130    0.000000
0      0      2      968    149    0.000000
0      0      2      716    70     0.000000
0      0      2      291    457    0.000000
0      0      2      917    349    0.000000
0      0      2      668    7      0.000000
0      0      2      360    609    0.000000
0      0      2      863    237    0.000000
0      0      2      24     404    0.000000
0      0      1      240    53     5.827185
0      0      1      153    89     5.632185
0      0      1      324    187    6.218185
0      0      1      443    176    2.282000
0      0      1      469    139    3.850185
0      0      1      404    84     3.483185
0      0      1      84     136    3.836185
0      0      1      119    162    2.916000
0      0      2      347    187    0.000000
0      0      2      324    88     0.000000
0      0      2      627    227    0.000000
0      0      2      554    224    0.000000
0      0      1      72     688    0.471000
0      0      1      75     621    5.988185
0      0      1      5      546    0.675000
0      0      1      8      631    5.892185
0      0      1      13     773    5.802185
0      0      1      148    653    3.055000
0      0      1      169    603    3.554185
0      0      1      196    673    0.850000
0      0      1      245    644    0.144000
0      0      1      226    579    3.103000
0      0      1      277    619    0.737000
0      0      1      183    383    6.033185
0      0      1      172    296    5.996185
0      0      1      122    243    3.400185
0      0      1      179    210    0.180000
0      0      1      96     287    6.138185
0      0      1      205    247    3.425185
0      0      1      244    166    5.751185
0      0      1      285    173    6.005185
0      0      1      153    42     2.796000
0      0      1      349    35     5.961185
0      0      1      145    420    3.966185
0      0      1      111    455    5.707185
0      0      1      81     467    5.572185
0      0      1      13     429    0.340000
0      0      1      19     330    3.890185
0      0      1      65     328    5.606185
0      0      1      236    307    0.284000
0      0      1      255    252    3.744185
0      0      1      341    293    3.940185
0      0      1      405    249    4.032185
0      0      1      300    339    3.225185
0      0      1      230    342    0.572000
0      0      1      66     525    3.325185
0      0      1      19     473    0.339000
0      0      1      263    482    3.425185
0      0      1      182    498    6.089185
0      0      1      142    524    0.000000
0      0      1      359    458    0.455000
0      0      1      318    459    2.892000
0      0      1      275    403    2.699000
0      0      1      465    294    3.759185
0      0      1      527    274    2.780000
0      0      1      715    152    3.026000
0      0      1      513    338    2.980000
0      0      1      477    350    5.700185
0      0      1      351    367    5.916185
0      0      1      422    397    3.105000
0      0      1      369    403    0.159000
0      0      1      478    401    2.712000
0      0      1      395    494    3.785185
0      0      1      343    544    5.961185
0      0      1      277    542    3.382185
0      0      1      327    620    3.346185
0      0      1      415    584    0.814000
0      0      1      537    593    5.906185
0      0      1      474    569    6.005185
0      0      1      568    533    2.316000
0      0      1      524    483    3.665185
0      0      1      467    466    0.268000
0      0      1      423    527    2.636000
0      0      1      258    717    6.089185
0      0      1      312    734    2.995000
0      0      1      380    755    0.000000
0      0      1      192    753    5.715185
0      0      2      500    718    0.519000
0      0      1      549    741    2.854000
0      0      1      437    758    2.386000
0      0      1      566    690    2.591000
0      0      1      392    42     0.438000
0      0      1      441    50     3.214185
0      0      1      487    41     0.524000
0      0      1      511    99     3.515185
0      0      1      548    41     3.729185
0      0      1      595    4      0.000000
0      0      1      553    126    4.037185
0      0      1      615    85     3.205185
0      0      1      659    71     3.176185
0      0      1      697    47     0.415000
0      0      1      596    136    6.251185
0      0      1      627    140    0.000000
0      0      1      812    94     0.000000
0      0      1      752    90     2.808000
0      0      1      874    80     3.752185
0      0      1      946    48     2.737000
0      0      1      950    111    6.130185
0      0      1      842    157    3.411185
0      0      1      594    216    2.948000
0      0      1      679    228    5.841185
0      0      1      575    327    2.870000
0      0      1      614    314    3.331185
0      0      1      678    340    2.746000
0      0      1      762    284    0.000000
0      0      1      750    333    3.575185
0      0      1      726    381    0.000000
0      0      1      635    404    6.086185
0      0      1      547    418    2.498000
0      0      1      516    435    3.451185
0      0      1      662    461    0.519000
0      0      1      691    433    0.602000
0      0      1      577    462    3.399185
0      0      1      617    501    5.986185
0      0      1      111    8      0.519000
0      0      2      156    1      0.000000
0      0      1      237    799    3.239185
0      0      1      194    796    6.260185
0      0      1      335    833    3.162185
0      0      1      299    926    3.029000
0      0      1      245    899    3.696185
0      0      1      149    986    0.000000
0      0      1      373    858    3.425185
0      0      1      333    937    6.205185
0      0      1      364    990    0.306000
0      0      1      429    936    5.906185
0      0      1      416    895    2.595000
0      0      1      462    803    3.431185
0      0      1      417    820    2.697000
0      0      1      516    826    2.932000
0      0      1      491    867    0.652000
0      0      1      571    838    5.485185
0      0      1      562    893    0.171000
0      0      1      561    929    6.150185
0      0      1      509    1001   2.849000
0      0      1      543    993    0.000000
0      0      1      580    996    6.038185
0      0      1      657    945    0.385000
0      0      1      631    1011   3.051000
0      0      1      709    922    2.721000
0      0      1      702    1017   3.534185
0      0      1      661    1016   3.215185
0      0      1      657    630    2.473000
0      0      1      651    695    2.856000
0      0      1      615    654    2.801000
0      0      1      644    769    0.812000
0      0      1      621    812    5.794185
0      0      1      688    859    3.794185
0      0      1      638    888    2.967000
0      0      1      739    833    2.850000
0      0      1      685    822    0.322000
0      0      1      698    754    3.289185
0      0      1      751    711    3.927185
0      0      1      743    785    3.707185
0      0      1      790    775    5.927185
0      0      1      629    557    0.000000
0      0      1      692    518    3.331185
0      0      1      694    590    3.331185
0      0      1      732    501    0.000000
0      0      1      784    462    5.993185
0      0      1      818    431    3.346185
0      0      1      762    537    5.695185
0      0      1      836    335    3.590185
0      0      1      865    407    6.156185
0      0      1      955    405    2.765000
0      0      1      999    398    3.509185
0      0      1      884    204    2.989000
0      0      1      898    141    5.709185
0      0      1      906    267    0.344000
0      0      1      884    533    4.041185
0      0      1      914    445    6.053185
0      0      1      819    564    0.081000
0      0      1      757    593    6.226185
0      0      1      718    654    0.772000
0      0      1      778    675    2.952000
0      0      1      818    612    5.706185
0      0      1      954    588    6.052185
0      0      1      993    517    2.923000
0      0      1      922    497    2.382000
0      0      1      961    481    3.295185
0      0      1      855    632    3.332185
0      0      1      811    668    3.525185
0      0      1      814    711    0.437000
0      0      1      838    774    3.017000
0      0      1      909    631    2.694000
0      0      1      948    634    2.568000
0      0      1      883    680    3.451185
0      0      1      880    735    6.222185
0      0      1      962    687    0.000000
0      0      1      967    728    0.000000
0      0      1      973    799    0.464000
0      0      1      1000   818    3.667185
0      0      1      872    790    0.119000
0      0      1      793    835    0.245000
0      0      1      781    866    5.390185
0      0      1      874    839    0.000000
0      0      1      830    898    5.966185
0      0      1      867    906    2.944000
0      0      1      894    894    2.992000
0      0      1      1011   881    2.776000
0      0      1      985    951    3.367185
0      0      1      946    957    3.479185
0      0      1      964    1007   3.657185
0      0      1      904    1006   3.708185
0      0      1      830    979    3.036000
0      0      1      791    995    0.240000
0      0      1      935    775    4.142185
0      0      1      953    877    5.899185
0      0      2      890    368    0.000000
0      0      2      868    661    0.000000
0      0      1      844    42     6.257185
0      0      1      776    9      5.796185
0      0      1      882    10     2.554000
0      0      1      975    14     0.522000
0      0      1      1013   79     3.010000
0      0      2      725    8      0.000000
0      0      2      311    566    0.000000
