0      0      2      31     274    0.000000
0      0      2      36     381    0.000000
0      0      2      81     405    0.000000
0      0      2      156    380    0.000000
0      0      2      92     327    0.000000
0      0      2      305    264    0.000000
0      0      2      380    186    0.000000
0      0      2      365    103    0.000000
0      0      2      212    164    0.000000
0      0      2      104    191    0.000000
0      0      2      152    218    0.000000
0      0      2      137    141    0.000000
0      0      2      108    84     0.000000
0      0      2      157    481    0.000000
0      0      2      192    580    0.000000
0      0      2      176    557    0.000000
0      0      2      376    133    0.000000
0      0      2      244    215    0.000000
0      0      2      863    236    0.000000
0      0      2      816    2      0.000000
0      0      2      469    28     0.000000
0      0      2      46     141    0.000000
0      0      2      259    137    0.000000
0      0      2      152    327    0.000000
0      0      2      139    299    0.000000
0      0      2      277    266    0.000000
0      0      2      667    5      0.000000
0      0      2      347    188    0.000000
0      0      2      390    154    0.000000
0      0      2      653    130    0.000000
0      0      2      571    159    0.000000
0      0      2      292    454    0.000000
0      0      2      451    379    0.000000
0      0      2      402    345    0.000000
0      0      2      437    455    0.000000
0      0      2      599    452    0.000000
0      0      2      639    266    0.000000
0      0      2      626    227    0.000000
0      0      2      772    129    0.000000
0      0      2      967    150    0.000000
0      0      2      918    351    0.000000
0      0      2      957    448    0.000000
0      0      2      553    223    0.000000
0      0      2      324    87     0.000000
0      0      2      351    143    0.000000
0      0      2      715    70     0.000000
0      0      2      726    7      0.000000
0      0      2      619    187    0.000000
0      0      2      609    372    0.000000
0      0      2      154    7      0.000000
0      0      2      905    2      0.000000
0      0      1      89     126    4.015185
0      0      1      153    85     5.658185
0      0      1      242    57     5.845185
0      0      1      151    38     5.812185
0      0      1      117    161    2.883000
0      0      1      126    244    3.294185
0      0      1      183    206    0.034000
0      0      1      244    165    5.699185
0      0      1      285    175    6.000185
0      0      1      325    185    0.000000
0      0      1      409    254    0.806000
0      0      1      446    175    5.748185
0      0      1      469    139    3.855185
0      0      1      408    84     3.429185
0      0      1      439    51     0.124000
0      0      1      397    36     3.516185
0      0      1      359    18     0.062000
0      0      1      204    252    0.308000
0      0      1      256    253    3.721185
0      0      1      100    283    2.960000
0      0      1      60     330    3.997185
0      0      1      18     332    0.777000
0      0      1      174    300    2.805000
0      0      1      240    306    0.287000
0      0      1      228    339    0.481000
0      0      1      183    387    5.988185
0      0      1      144    415    0.815000
0      0      1      106    443    5.699185
0      0      1      72     468    0.785000
0      0      1      6      407    5.721185
0      0      1      23     474    0.401000
0      0      1      70     529    0.013000
0      0      1      77     618    6.056185
0      0      1      141    534    0.000000
0      0      1      8      551    0.585000
0      0      1      3      622    5.819185
0      0      1      72     689    3.719185
0      0      1      149    650    2.928000
0      0      1      179    612    0.543000
0      0      1      223    578    3.167185
0      0      1      187    503    2.990000
0      0      1      266    488    0.441000
0      0      1      278    551    3.157185
0      0      1      341    540    5.838185
0      0      1      330    617    3.548185
0      0      1      279    618    3.874185
0      0      1      242    643    0.308000
0      0      1      201    675    3.879185
0      0      1      257    714    1.390000
0      0      1      406    601    3.982185
0      0      2      361    609    0.000000
0      0      1      429    520    3.028000
0      0      1      471    550    0.142000
0      0      1      509    598    0.000000
0      0      1      378    757    0.000000
0      0      1      309    739    3.001000
0      0      1      193    748    5.705185
0      0      1      238    797    0.000000
0      0      1      185    799    3.227185
0      0      1      17     779    2.395000
0      0      1      650    692    3.538185
0      0      1      602    656    5.604185
0      0      2      500    720    3.605185
0      0      1      547    747    5.851185
0      0      1      556    696    3.915185
0      0      1      428    765    2.801000
0      0      1      464    801    0.223000
0      0      1      429    830    2.938000
0      0      1      374    854    3.170185
0      0      1      334    834    0.000000
0      0      1      517    820    6.123185
0      0      1      416    893    2.534000
0      0      1      490    864    5.671185
0      0      1      319    467    6.061185
0      0      1      280    398    2.816000
0      0      2      209    399    0.000000
0      0      1      506    96     3.415185
0      0      1      493    42     3.625185
0      0      1      549    37     0.559000
0      0      1      550    124    2.467000
0      0      1      536    279    5.961185
0      0      1      462    300    0.496000
0      0      1      343    292    3.951185
0      0      1      296    339    6.251185
0      0      1      353    366    3.017000
0      0      1      418    401    6.069185
0      0      1      476    408    5.926185
0      0      1      358    461    3.598185
0      0      1      363    406    3.227185
0      0      1      719    153    0.000000
0      0      1      747    91     2.725000
0      0      1      627    142    0.000000
0      0      1      598    143    3.124000
0      0      1      590    221    2.938000
0      0      1      677    226    2.731000
0      0      1      612    319    3.372185
0      0      1      521    342    2.911000
0      0      1      584    335    2.871000
0      0      1      672    340    2.884000
0      0      1      758    278    3.036000
0      0      1      744    331    0.375000
0      0      1      725    380    0.146000
0      0      1      633    402    0.000000
0      0      1      545    418    5.726185
0      0      1      468    463    3.431185
0      0      1      243    900    0.574000
0      0      1      150    988    0.225000
0      0      1      297    924    0.000000
0      0      1      333    937    0.000000
0      0      1      362    989    3.532185
0      0      1      433    935    5.826185
0      0      1      504    991    5.966185
0      0      1      562    894    0.203000
0      0      1      563    929    2.971000
0      0      1      583    989    2.814000
0      0      1      540    988    3.360185
0      0      1      559    1019   0.000000
0      0      1      615    72     0.000000
0      0      1      656    73     0.000000
0      0      1      696    46     0.387000
0      0      1      591    9      6.176185
0      0      1      773    3      2.642000
0      0      1      809    93     2.993000
0      0      1      844    44     3.019000
0      0      1      872    86     0.763000
0      0      1      839    160    3.290185
0      0      1      881    202    3.111000
0      0      1      950    112    0.000000
0      0      1      942    43     5.871185
0      0      1      973    8      0.647000
0      0      1      1015   81     0.000000
0      0      1      881    6      0.893000
0      0      1      575    545    3.682185
0      0      1      522    487    0.561000
0      0      1      515    445    0.440000
0      0      1      572    469    3.350185
0      0      1      624    494    2.815000
0      0      1      666    462    3.477185
0      0      1      695    435    3.665185
0      0      1      689    518    3.285185
0      0      1      630    561    6.014185
0      0      1      656    631    5.597185
0      0      1      698    594    0.178000
0      0      1      571    845    3.863185
0      0      1      621    807    5.921185
0      0      1      633    891    3.029000
0      0      1      652    946    3.488185
0      0      1      706    921    2.727000
0      0      1      733    508    0.000000
0      0      1      774    452    6.041185
0      0      1      827    428    0.000000
0      0      1      865    395    3.062000
0      0      1      832    332    3.307185
0      0      1      903    268    0.305000
0      0      1      952    405    5.752185
0      0      1      996    403    0.000000
0      0      1      924    502    2.347000
0      0      1      962    483    0.000000
0      0      1      879    530    0.824000
0      0      1      907    444    2.857000
0      0      1      989    516    0.000000
0      0      1      955    581    6.094185
0      0      1      782    519    0.000000
0      0      1      745    586    5.891185
0      0      1      812    565    0.283000
0      0      1      721    651    5.779185
0      0      1      750    712    2.590000
0      0      1      813    613    5.941185
0      0      1      782    670    5.989185
0      0      1      649    769    5.548185
0      0      1      689    855    3.519185
0      0      1      732    829    3.042000
0      0      1      683    824    0.464000
0      0      1      702    759    0.016000
0      0      1      875    685    3.469185
0      0      1      858    634    0.112000
0      0      1      952    637    5.627185
0      0      1      820    658    0.421000
0      0      1      821    708    0.499000
0      0      1      789    771    2.747000
0      0      1      838    775    2.990000
0      0      1      875    789    3.410185
0      0      1      884    730    3.201185
0      0      1      756    786    3.758185
0      0      1      799    828    3.448185
0      0      1      779    872    3.873185
0      0      1      831    893    5.994185
0      0      1      866    904    2.962000
0      0      1      896    896    2.852000
0      0      1      873    842    6.168185
0      0      1      949    881    6.002185
0      0      1      931    778    5.568185
0      0      1      969    793    0.378000
0      0      1      995    820    0.551000
0      0      1      1009   876    2.607000
0      0      1      792    989    3.249185
0      0      1      838    972    3.029000
0      0      1      706    1016   2.018000
0      0      1      665    1022   0.000000
0      0      1      629    1011   0.000000
0      0      1      889    1001   4.134185
0      0      1      942    963    3.522185
0      0      1      983    953    3.405185
0      0      1      958    1016   3.576185
0      0      1      965    687    2.900000
0      0      1      967    728    6.162185
0      0      1      111    4      0.000000
0      0      2      88     558    0.000000
0      0      2      899    143    0.000000
0      0      1      387    491    3.502185
0      0      1      477    353    2.460000
0      0      2      310    565    0.000000
0      0      2      890    367    0.000000
0      0      2      75     306    0.000000
0      0      1      907    655    3.118000
