0      0      2      32     275    0.000000
0      0      2      95     328    0.000000
0      0      2      305    264    0.000000
0      0      2      277    267    0.000000
0      0      2      245    214    0.000000
0      0      2      211    166    0.000000
0      0      2      259    139    0.000000
0      0      2      363    104    0.000000
0      0      2      151    217    0.000000
0      0      2      80     403    0.000000
0      0      2      155    380    0.000000
0      0      2      176    556    0.000000
0      0      2      192    581    0.000000
0      0      2      151    326    0.000000
0      0      2      101    195    0.000000
0      0      2      379    187    0.000000
0      0      2      378    130    0.000000
0      0      2      468    28     0.000000
0      0      2      573    158    0.000000
0      0      2      862    235    0.000000
0      0      2      139    138    0.000000
0      0      2      346    188    0.000000
0      0      2      157    481    0.000000
0      0      2      403    345    0.000000
0      0      2      451    377    0.000000
0      0      2      627    227    0.000000
0      0      2      640    266    0.000000
0      0      2      437    456    0.000000
0      0      2      293    455    0.000000
0      0      2      90     557    0.000000
0      0      2      391    154    0.000000
0      0      2      553    223    0.000000
0      0      2      917    350    0.000000
0      0      2      954    447    0.000000
0      0      2      600    452    0.000000
0      0      2      614    371    0.000000
0      0      2      298    504    0.000000
0      0      2      323    87     0.000000
0      0      2      352    142    0.000000
0      0      2      715    71     0.000000
0      0      2      772    129    0.000000
0      0      2      968    150    0.000000
0      0      2      665    10     0.000000
0      0      2      45     141    0.000000
0      0      2      76     305    0.000000
0      0      2      361    609    0.000000
0      0      2      815    1      0.000000
0      0      2      156    2      0.000000
0      0      2      724    6      0.000000
0      0      2      106    6      0.000000
0      0      2      653    129    0.000000
0      0      1      149    37     5.892185
0      0      2      104    80     0.000000
0      0      1      159    79     2.456000
0      0      1      240    55     5.802185
0      0      1      90     121    0.823000
0      0      1      117    163    6.038185
0      0      1      119    237    3.291185
0      0      1      182    208    0.000000
0      0      1      105    283    6.112185
0      0      1      203    271    3.342185
0      0      1      259    253    0.517000
0      0      1      247    169    2.526000
0      0      1      284    178    5.860185
0      0      1      324    191    3.160185
0      0      1      409    250    5.591185
0      0      1      444    172    2.491000
0      0      1      404    79     3.530185
0      0      1      441    48     0.000000
0      0      1      392    34     3.581185
0      0      1      363    22     0.234000
0      0      1      502    97     3.382185
0      0      1      466    137    5.569185
0      0      1      548    122    5.718185
0      0      1      498    31     0.614000
0      0      1      554    40     0.472000
0      0      1      594    11     6.127185
0      0      1      170    297    2.854000
0      0      1      61     332    0.774000
0      0      1      149    420    3.874185
0      0      1      18     337    2.923000
0      0      1      75     466    0.744000
0      0      1      110    449    2.491000
0      0      1      144    534    3.020000
0      0      1      185    389    5.998185
0      0      1      21     416    5.773185
0      0      1      28     476    0.381000
0      0      1      72     531    6.209185
0      0      1      77     625    6.002185
0      0      1      21     557    0.569000
0      0      1      77     689    0.502000
0      0      1      15     784    3.902185
0      0      1      10     632    5.757185
0      0      1      192    749    2.539000
0      0      1      180    804    3.682185
0      0      1      235    794    3.250185
0      0      1      260    718    2.883000
0      0      1      250    649    3.331185
0      0      1      148    650    3.141185
0      0      1      179    606    0.455000
0      0      1      201    673    3.865185
0      0      1      230    579    3.087000
0      0      1      184    508    6.118185
0      0      1      261    480    0.250000
0      0      1      281    401    5.902185
0      0      1      230    339    0.561000
0      0      1      247    310    0.000000
0      0      1      344    294    3.952185
0      0      1      298    341    0.020000
0      0      1      353    363    0.000000
0      0      1      417    402    5.856185
0      0      1      356    403    0.000000
0      0      1      317    465    6.112185
0      0      1      360    455    0.423000
0      0      1      380    491    3.289185
0      0      1      439    509    0.188000
0      0      1      344    550    2.932000
0      0      1      277    549    3.062000
0      0      1      275    609    3.882185
0      0      1      328    617    3.584185
0      0      1      310    733    3.105000
0      0      1      383    757    3.044000
0      0      1      334    826    3.141185
0      0      1      370    850    0.422000
0      0      1      427    826    2.962000
0      0      1      436    756    3.015000
0      0      1      549    693    3.806185
0      0      1      547    743    2.661000
0      0      2      503    719    3.595185
0      0      1      467    799    3.457185
0      0      1      519    824    6.180185
0      0      1      496    869    5.906185
0      0      1      418    895    5.594185
0      0      1      435    934    5.995185
0      0      1      366    984    0.448000
0      0      1      337    938    3.002000
0      0      1      301    925    0.000000
0      0      1      245    899    3.781185
0      0      1      164    992    3.370185
0      0      1      467    299    3.766185
0      0      1      471    350    3.883185
0      0      1      517    331    2.795000
0      0      1      541    276    3.199185
0      0      1      587    342    2.813000
0      0      1      616    316    3.141185
0      0      1      642    704    3.854185
0      0      1      612    642    0.418000
0      0      1      473    549    0.250000
0      0      1      404    605    5.608185
0      0      1      468    469    3.463185
0      0      1      517    482    0.785000
0      0      1      576    540    0.725000
0      0      1      621    808    2.720000
0      0      1      574    838    3.836185
0      0      1      558    892    0.000000
0      0      1      566    931    0.000000
0      0      1      502    996    2.948000
0      0      1      547    999    0.000000
0      0      1      578    991    2.901000
0      0      1      628    1014   2.971000
0      0      1      661    1022   0.000000
0      0      1      699    1018   3.414185
0      0      1      651    946    0.418000
0      0      1      633    892    0.000000
0      0      1      709    913    2.579000
0      0      1      682    854    0.117000
0      0      1      648    771    3.630185
0      0      1      704    763    5.648185
0      0      1      682    822    0.245000
0      0      1      731    831    5.974185
0      0      1      724    653    1.069000
0      0      1      701    599    3.283185
0      0      1      662    627    2.618000
0      0      1      633    555    2.769000
0      0      1      628    497    6.028185
0      0      1      574    467    3.470185
0      0      1      518    441    3.510185
0      0      1      548    422    2.566000
0      0      1      477    405    2.754000
0      0      1      598    141    0.000000
0      0      1      629    142    0.000000
0      0      1      657    69     0.000000
0      0      1      618    74     3.183185
0      0      1      698    46     3.718185
0      0      1      775    7      4.187185
0      0      1      842    39     0.000000
0      0      1      943    36     5.827185
0      0      1      887    10     2.652000
0      0      1      986    10     0.583000
0      0      1      1016   81     0.000000
0      0      1      952    105    6.058185
0      0      1      872    83     5.679185
0      0      1      809    94     6.118185
0      0      1      749    88     5.829185
0      0      1      715    153    0.000000
0      0      1      847    151    3.323185
0      0      1      884    201    2.944000
0      0      1      907    263    3.425185
0      0      1      831    327    3.122000
0      0      1      765    274    2.845000
0      0      1      679    227    6.047185
0      0      1      591    218    0.000000
0      0      2      618    181    0.000000
0      0      1      668    345    0.000000
0      0      1      748    330    3.626185
0      0      1      726    376    0.108000
0      0      1      636    405    0.083000
0      0      1      692    431    0.607000
0      0      1      775    455    2.778000
0      0      1      827    424    6.141185
0      0      1      661    461    3.475185
0      0      1      732    504    0.061000
0      0      1      689    520    0.182000
0      0      1      799    510    3.549185
0      0      1      881    532    0.647000
0      0      1      919    500    3.953185
0      0      1      959    479    0.000000
0      0      1      986    517    3.024000
0      0      1      1007   398    3.098000
0      0      1      957    402    2.962000
0      0      2      886    367    0.322000
0      0      1      862    399    5.961185
0      0      1      893    454    0.019000
0      0      1      756    586    2.863000
0      0      1      811    569    0.540000
0      0      1      800    618    6.191185
0      0      1      955    583    2.886000
0      0      1      949    639    0.988000
0      0      1      912    654    0.278000
0      0      1      957    688    2.956000
0      0      1      962    728    2.989000
0      0      1      862    617    0.000000
0      0      1      826    648    0.208000
0      0      1      784    674    0.000000
0      0      1      756    780    0.422000
0      0      1      819    706    0.483000
0      0      1      871    683    0.528000
0      0      1      882    730    0.000000
0      0      1      840    772    6.069185
0      0      1      923    779    2.591000
0      0      1      977    779    3.423185
0      0      1      1000   813    0.464000
0      0      1      796    763    0.983000
0      0      1      800    830    0.355000
0      0      1      775    868    0.582000
0      0      1      822    881    5.898185
0      0      1      868    837    0.000000
0      0      1      878    782    0.287000
0      0      1      943    878    1.034000
0      0      1      997    882    1.022000
0      0      1      989    946    3.292185
0      0      1      941    959    0.300000
0      0      1      958    1011   0.697000
0      0      1      895    1013   2.646000
0      0      1      839    967    6.058185
0      0      1      797    958    0.000000
0      0      1      863    905    2.916000
0      0      1      888    895    6.126185
0      0      1      908    882    2.713000
0      0      2      209    401    0.000000
0      0      2      265    80     0.000000
0      0      1      485    593    0.185000
0      0      1      756    717    2.891000
0      0      2      311    567    0.000000
